0.5;-[0]24;-668
0.5;-[0]28;-561
0.5;-[0]27;-591
0.5;-[0]30;-532
0.5;-[0]22;-666
0.5;-[0]39;-629
0.5;-[0]33;-624
0.5;-[0]28;-605
0.5;-[0]28;-637
0.5;-[0]50;-580
0.5;-[0]29;-569
0.5;-[0]35;-588
0.5;-[0]24;-617
0.5;-[0]33;-547
0.5;-[0]30;-630
0.5;-[0]24;-658
0.5;-[0]25;-690
0.5;-[0]22;-653
0.5;-[0]24;-651
0.5;-[0]39;-612
0.5;-[0]27;-638
0.5;-[0]16;-647
0.5;-[0]36;-491
0.5;-[0]38;-585
0.5;-[0]32;-592
0.5;-[0]22;-658
0.5;-[0]27;-631
0.5;-[0]34;-645
0.5;-[0]15;-667
0.5;-[0]19;-679
0.5;-[0]30;-526
0.5;-[0]25;-606
0.5;-[0]18;-636
0.5;-[0]33;-626
0.5;-[0]37;-572
0.5;-[0]27;-558
0.5;-[0]25;-650
0.5;-[0]24;-644
0.5;-[0]44;-476
0.5;-[0]34;-599
0.5;-[0]30;-591
0.5;-[0]24;-645
0.5;-[0]35;-635
0.5;-[0]25;-646
0.5;-[0]34;-618
0.5;-[0]30;-579
0.5;-[0]22;-606
0.5;-[0]14;-636
0.5;-[0]31;-614
0.5;-[0]37;-574
0.5;-[0]33;-590
0.5;-[0]27;-609
0.5;-[0]28;-551
0.5;-[0]38;-599
0.5;-[0]29;-621
0.5;-[0]26;-629
0.5;-[0]24;-603
0.5;-[0]22;-654
0.5;-[0]34;-544
0.5;-[0]18;-648
0.5;-[0]29;-606
0.5;-[0]39;-602
0.5;-[0]30;-673
0.5;-[0]33;-558
0.5;-[0]36;-556
0.5;-[0]34;-631
0.5;-[0]31;-645
0.5;-[0]41;-595
0.5;-[0]31;-589
0.5;-[0]48;-487
0.5;-[0]24;-622
0.5;-[0]25;-604
0.5;-[0]33;-573
0.5;-[0]27;-604
0.5;-[0]33;-604
0.5;-[0]27;-670
0.5;-[0]27;-599
0.5;-[0]44;-542
0.5;-[0]25;-585
0.5;-[0]20;-642
0.5;-[0]49;-558
0.5;-[0]21;-668
0.5;-[0]21;-657
0.5;-[0]28;-681
0.5;-[0]26;-607
0.5;-[0]32;-647
0.5;-[0]25;-660
0.5;-[0]37;-611
0.5;-[0]44;-593
0.5;-[0]36;-612
0.5;-[0]31;-659
0.5;-[0]33;-658
0.5;-[0]29;-677
0.5;-[0]39;-557
0.5;-[0]24;-676
0.5;-[0]28;-660
0.5;-[0]28;-623
0.5;-[0]35;-624
0.5;-[0]29;-636
0.5;-[0]45;-518
0.1;-[0]24;-535
0.1;-[0]28;-300
0.1;-[0]27;-374
0.1;-[0]30;-238
0.1;-[0]22;-486
0.1;-[0]39;-422
0.1;-[0]33;-395
0.1;-[0]28;-394
0.1;-[0]28;-425
0.1;-[0]50;-331
0.1;-[0]29;-325
0.1;-[0]35;-366
0.1;-[0]24;-405
0.1;-[0]33;-303
0.1;-[0]30;-420
0.1;-[0]24;-472
0.1;-[0]25;-566
0.1;-[0]22;-445
0.1;-[0]24;-462
0.1;-[0]39;-359
0.1;-[0]27;-444
0.1;-[0]16;-502
0.1;-[0]36;-171
0.1;-[0]38;-332
0.1;-[0]32;-352
0.1;-[0]22;-458
0.1;-[0]27;-428
0.1;-[0]34;-421
0.1;-[0]15;-511
0.1;-[0]19;-523
0.1;-[0]30;-241
0.1;-[0]25;-385
0.1;-[0]18;-521
0.1;-[0]33;-402
0.1;-[0]37;-300
0.1;-[0]27;-289
0.1;-[0]25;-434
0.1;-[0]24;-520
0.1;-[0]44;-132
0.1;-[0]34;-379
0.1;-[0]30;-355
0.1;-[0]24;-417
0.1;-[0]35;-419
0.1;-[0]25;-489
0.1;-[0]34;-378
0.1;-[0]30;-313
0.1;-[0]22;-368
0.1;-[0]14;-467
0.1;-[0]31;-367
0.1;-[0]37;-301
0.1;-[0]33;-327
0.1;-[0]27;-373
0.1;-[0]28;-273
0.1;-[0]38;-378
0.1;-[0]29;-405
0.1;-[0]26;-427
0.1;-[0]24;-403
0.1;-[0]22;-459
0.1;-[0]34;-248
0.1;-[0]18;-422
0.1;-[0]29;-383
0.1;-[0]39;-382
0.1;-[0]30;-477
0.1;-[0]33;-280
0.1;-[0]36;-297
0.1;-[0]34;-419
0.1;-[0]31;-457
0.1;-[0]41;-359
0.1;-[0]31;-341
0.1;-[0]48;-171
0.1;-[0]24;-386
0.1;-[0]25;-409
0.1;-[0]33;-313
0.1;-[0]27;-339
0.1;-[0]33;-349
0.1;-[0]27;-469
0.1;-[0]27;-396
0.1;-[0]44;-276
0.1;-[0]25;-386
0.1;-[0]20;-461
0.1;-[0]49;-273
0.1;-[0]21;-516
0.1;-[0]21;-449
0.1;-[0]28;-501
0.1;-[0]26;-387
0.1;-[0]32;-420
0.1;-[0]25;-434
0.1;-[0]37;-395
0.1;-[0]44;-361
0.1;-[0]36;-376
0.1;-[0]31;-452
0.1;-[0]33;-446
0.1;-[0]29;-496
0.1;-[0]39;-309
0.1;-[0]24;-500
0.1;-[0]28;-493
0.1;-[0]28;-435
0.1;-[0]35;-412
0.1;-[0]29;-424
0.1;-[0]45;-213
0.09;-[0]24;-517
0.09;-[0]28;-263
0.09;-[0]27;-344
0.09;-[0]30;-197
0.09;-[0]22;-461
0.09;-[0]39;-393
0.09;-[0]33;-363
0.09;-[0]28;-365
0.09;-[0]28;-395
0.09;-[0]50;-296
0.09;-[0]29;-291
0.09;-[0]35;-335
0.09;-[0]24;-375
0.09;-[0]33;-269
0.09;-[0]30;-391
0.09;-[0]24;-446
0.09;-[0]25;-549
0.09;-[0]22;-416
0.09;-[0]24;-436
0.09;-[0]39;-323
0.09;-[0]27;-418
0.09;-[0]16;-482
0.09;-[0]36;-127
0.09;-[0]38;-296
0.09;-[0]32;-319
0.09;-[0]22;-431
0.09;-[0]27;-400
0.09;-[0]34;-390
0.09;-[0]15;-489
0.09;-[0]19;-501
0.09;-[0]30;-201
0.09;-[0]25;-355
0.09;-[0]18;-505
0.09;-[0]33;-370
0.09;-[0]37;-263
0.09;-[0]27;-252
0.09;-[0]25;-404
0.09;-[0]24;-502
0.09;-[0]44;-84
0.09;-[0]34;-348
0.09;-[0]30;-322
0.09;-[0]24;-385
0.09;-[0]35;-389
0.09;-[0]25;-468
0.09;-[0]34;-345
0.09;-[0]30;-277
0.09;-[0]22;-335
0.09;-[0]14;-443
0.09;-[0]31;-332
0.09;-[0]37;-263
0.09;-[0]33;-290
0.09;-[0]27;-341
0.09;-[0]28;-235
0.09;-[0]38;-347
0.09;-[0]29;-375
0.09;-[0]26;-399
0.09;-[0]24;-376
0.09;-[0]22;-432
0.09;-[0]34;-207
0.09;-[0]18;-391
0.09;-[0]29;-352
0.09;-[0]39;-352
0.09;-[0]30;-450
0.09;-[0]33;-241
0.09;-[0]36;-261
0.09;-[0]34;-390
0.09;-[0]31;-431
0.09;-[0]41;-326
0.09;-[0]31;-306
0.09;-[0]48;-127
0.09;-[0]24;-354
0.09;-[0]25;-382
0.09;-[0]33;-276
0.09;-[0]27;-302
0.09;-[0]33;-313
0.09;-[0]27;-441
0.09;-[0]27;-367
0.09;-[0]44;-239
0.09;-[0]25;-359
0.09;-[0]20;-436
0.09;-[0]49;-233
0.09;-[0]21;-494
0.09;-[0]21;-420
0.09;-[0]28;-476
0.09;-[0]26;-357
0.09;-[0]32;-388
0.09;-[0]25;-403
0.09;-[0]37;-365
0.09;-[0]44;-328
0.09;-[0]36;-343
0.09;-[0]31;-424
0.09;-[0]33;-417
0.09;-[0]29;-470
0.09;-[0]39;-275
0.09;-[0]24;-476
0.09;-[0]28;-470
0.09;-[0]28;-409
0.09;-[0]35;-382
0.09;-[0]29;-395
0.09;-[0]45;-171
0.08;-[0]24;-493
0.08;-[0]28;-218
0.08;-[0]27;-306
0.08;-[0]30;1024
0.08;-[0]22;-430
0.08;-[0]39;-357
0.08;-[0]33;-323
0.08;-[0]28;-329
0.08;-[0]28;-359
0.08;-[0]50;-253
0.08;-[0]29;-249
0.08;-[0]35;-297
0.08;-[0]24;-338
0.08;-[0]33;-227
0.08;-[0]30;-354
0.08;-[0]24;-414
0.08;-[0]25;-527
0.08;-[0]22;-378
0.08;-[0]24;-403
0.08;-[0]39;-235
0.08;-[0]27;-384
0.08;-[0]16;-457
0.08;-[0]36;1035
0.08;-[0]38;-252
0.08;-[0]32;-277
0.08;-[0]22;-396
0.08;-[0]27;-365
0.08;-[0]34;-347
0.08;-[0]15;-462
0.08;-[0]19;-474
0.08;-[0]30;-147
0.08;-[0]25;-316
0.08;-[0]18;-485
0.08;-[0]33;-331
0.08;-[0]37;1027
0.08;-[0]27;-193
0.08;-[0]25;-361
0.08;-[0]24;-481
0.08;-[0]44;1055
0.08;-[0]34;-310
0.08;-[0]30;-282
0.08;-[0]24;991
0.08;-[0]35;-351
0.08;-[0]25;-440
0.08;-[0]34;999
0.08;-[0]30;1008
0.08;-[0]22;-292
0.08;-[0]14;-414
0.08;-[0]31;-273
0.08;-[0]37;1033
0.08;-[0]33;1032
0.08;-[0]27;-300
0.08;-[0]28;-182
0.08;-[0]38;-309
0.08;-[0]29;-338
0.08;-[0]26;-364
0.08;-[0]24;-341
0.08;-[0]22;-398
0.08;-[0]34;1036
0.08;-[0]18;1026
0.08;-[0]29;-313
0.08;-[0]39;-313
0.08;-[0]30;-416
0.08;-[0]33;1011
0.08;-[0]36;-216
0.08;-[0]34;-353
0.08;-[0]31;-398
0.08;-[0]41;-285
0.08;-[0]31;-251
0.08;-[0]48;-64
0.08;-[0]24;993
0.08;-[0]25;-348
0.08;-[0]33;-231
0.08;-[0]27;1044
0.08;-[0]33;963
0.08;-[0]27;-406
0.08;-[0]27;-332
0.08;-[0]44;-193
0.08;-[0]25;-324
0.08;-[0]20;-405
0.08;-[0]49;-180
0.08;-[0]21;-468
0.08;-[0]21;-384
0.08;-[0]28;-444
0.08;-[0]26;-319
0.08;-[0]32;-335
0.08;-[0]25;1026
0.08;-[0]37;-327
0.08;-[0]44;-288
0.08;-[0]36;-298
0.08;-[0]31;-388
0.08;-[0]33;-380
0.08;-[0]29;-439
0.08;-[0]39;-232
0.08;-[0]24;-445
0.08;-[0]28;-441
0.08;-[0]28;-376
0.08;-[0]35;-346
0.08;-[0]29;-358
0.08;-[0]45;-108
0.07;-[0]24;-464
0.07;-[0]28;1056
0.07;-[0]27;-257
0.07;-[0]30;1092
0.07;-[0]22;-390
0.07;-[0]39;-311
0.07;-[0]33;1046
0.07;-[0]28;-282
0.07;-[0]28;1043
0.07;-[0]50;1043
0.07;-[0]29;1026
0.07;-[0]35;-247
0.07;-[0]24;-285
0.07;-[0]33;-172
0.07;-[0]30;-299
0.07;-[0]24;-365
0.07;-[0]25;-500
0.07;-[0]22;1020
0.07;-[0]24;-361
0.07;-[0]39;1089
0.07;-[0]27;-341
0.07;-[0]16;-424
0.07;-[0]36;1108
0.07;-[0]38;1060
0.07;-[0]32;1024
0.07;-[0]22;1018
0.07;-[0]27;-317
0.07;-[0]34;1067
0.07;-[0]15;-427
0.07;-[0]19;-439
0.07;-[0]30;1064
0.07;-[0]25;-267
0.07;-[0]18;-459
0.07;-[0]33;1045
0.07;-[0]37;1089
0.07;-[0]27;1071
0.07;-[0]25;1056
0.07;-[0]24;-453
0.07;-[0]44;1132
0.07;-[0]34;-261
0.07;-[0]30;1035
0.07;-[0]24;1066
0.07;-[0]35;1043
0.07;-[0]25;-405
0.07;-[0]34;1064
0.07;-[0]30;1081
0.07;-[0]22;1043
0.07;-[0]14;-376
0.07;-[0]31;1064
0.07;-[0]37;1096
0.07;-[0]33;1094
0.07;-[0]27;1057
0.07;-[0]28;1076
0.07;-[0]38;-258
0.07;-[0]29;-274
0.07;-[0]26;-319
0.07;-[0]24;-297
0.07;-[0]22;-345
0.07;-[0]34;1106
0.07;-[0]18;1079
0.07;-[0]29;-221
0.07;-[0]39;-264
0.07;-[0]30;1011
0.07;-[0]33;1077
0.07;-[0]36;1056
0.07;-[0]34;999
0.07;-[0]31;-354
0.07;-[0]41;-195
0.07;-[0]31;1066
0.07;-[0]48;1090
0.07;-[0]24;1060
0.07;-[0]25;-305
0.07;-[0]33;1065
0.07;-[0]27;1103
0.07;-[0]33;1070
0.07;-[0]27;1036
0.07;-[0]27;-287
0.07;-[0]44;1038
0.07;-[0]25;-280
0.07;-[0]20;-364
0.07;-[0]49;1106
0.07;-[0]21;-434
0.07;-[0]21;1036
0.07;-[0]28;-396
0.07;-[0]26;998
0.07;-[0]32;1076
0.07;-[0]25;1077
0.07;-[0]37;-277
0.07;-[0]44;-214
0.07;-[0]36;1049
0.07;-[0]31;1038
0.07;-[0]33;1045
0.07;-[0]29;-396
0.07;-[0]39;-154
0.07;-[0]24;-406
0.07;-[0]28;-404
0.07;-[0]28;-334
0.07;-[0]35;-274
0.07;-[0]29;1022
0.07;-[0]45;1094
0.06;-[0]24;-424
0.06;-[0]28;1134
0.06;-[0]27;1047
0.06;-[0]30;1180
0.06;-[0]22;1024
0.06;-[0]39;1060
0.06;-[0]33;1114
0.06;-[0]28;1057
0.06;-[0]28;1106
0.06;-[0]50;1119
0.06;-[0]29;1098
0.06;-[0]35;1065
0.06;-[0]24;1069
0.06;-[0]33;1077
0.06;-[0]30;1079
0.06;-[0]24;1047
0.06;-[0]25;-463
0.06;-[0]22;1082
0.06;-[0]24;1062
0.06;-[0]39;1165
0.06;-[0]27;1061
0.06;-[0]16;-381
0.06;-[0]36;1203
0.06;-[0]38;1136
0.06;-[0]32;1099
0.06;-[0]22;1080
0.06;-[0]27;1065
0.06;-[0]34;1134
0.06;-[0]15;-373
0.06;-[0]19;-381
0.06;-[0]30;1149
0.06;-[0]25;1071
0.06;-[0]18;-425
0.06;-[0]33;1114
0.06;-[0]37;1170
0.06;-[0]27;1151
0.06;-[0]25;1120
0.06;-[0]24;-416
0.06;-[0]44;1235
0.06;-[0]34;1065
0.06;-[0]30;1105
0.06;-[0]24;1133
0.06;-[0]35;1107
0.06;-[0]25;-359
0.06;-[0]34;1136
0.06;-[0]30;1160
0.06;-[0]22;1114
0.06;-[0]14;-325
0.06;-[0]31;1137
0.06;-[0]37;1177
0.06;-[0]33;1173
0.06;-[0]27;1127
0.06;-[0]28;1158
0.06;-[0]38;1080
0.06;-[0]29;1075
0.06;-[0]26;1061
0.06;-[0]24;1033
0.06;-[0]22;1057
0.06;-[0]34;1195
0.06;-[0]18;1146
0.06;-[0]29;1075
0.06;-[0]39;1069
0.06;-[0]30;1077
0.06;-[0]33;1160
0.06;-[0]36;1133
0.06;-[0]34;1080
0.06;-[0]31;1036
0.06;-[0]41;1103
0.06;-[0]31;1140
0.06;-[0]48;1184
0.06;-[0]24;1130
0.06;-[0]25;-239
0.06;-[0]33;1143
0.06;-[0]27;1182
0.06;-[0]33;1146
0.06;-[0]27;1096
0.06;-[0]27;1028
0.06;-[0]44;1117
0.06;-[0]25;-221
0.06;-[0]20;1026
0.06;-[0]49;1191
0.06;-[0]21;-388
0.06;-[0]21;1098
0.06;-[0]28;1068
0.06;-[0]26;1071
0.06;-[0]32;1144
0.06;-[0]25;1144
0.06;-[0]37;1075
0.06;-[0]44;1095
0.06;-[0]36;1119
0.06;-[0]31;1100
0.06;-[0]33;1110
0.06;-[0]29;1074
0.06;-[0]39;1091
0.06;-[0]24;1045
0.06;-[0]28;-353
0.06;-[0]28;1009
0.06;-[0]35;1071
0.06;-[0]29;1085
0.06;-[0]45;1185
0.05;-[0]24;-369
0.05;-[0]28;1243
0.05;-[0]27;1138
0.05;-[0]30;1302
0.05;-[0]22;1103
0.05;-[0]39;1147
0.05;-[0]33;1210
0.05;-[0]28;1145
0.05;-[0]28;1195
0.05;-[0]50;1223
0.05;-[0]29;1200
0.05;-[0]35;1157
0.05;-[0]24;1157
0.05;-[0]33;1178
0.05;-[0]30;1167
0.05;-[0]24;1124
0.05;-[0]25;-412
0.05;-[0]22;1168
0.05;-[0]24;1140
0.05;-[0]39;1270
0.05;-[0]27;1142
0.05;-[0]16;-287
0.05;-[0]36;1337
0.05;-[0]38;1241
0.05;-[0]32;1199
0.05;-[0]22;1163
0.05;-[0]27;1150
0.05;-[0]34;1227
0.05;-[0]15;1065
0.05;-[0]19;1072
0.05;-[0]30;1268
0.05;-[0]25;1163
0.05;-[0]18;-377
0.05;-[0]33;1207
0.05;-[0]37;1283
0.05;-[0]27;1263
0.05;-[0]25;1210
0.05;-[0]24;-365
0.05;-[0]44;1378
0.05;-[0]34;1156
0.05;-[0]30;1203
0.05;-[0]24;1228
0.05;-[0]35;1197
0.05;-[0]25;1045
0.05;-[0]34;1236
0.05;-[0]30;1271
0.05;-[0]22;1213
0.05;-[0]14;1073
0.05;-[0]31;1240
0.05;-[0]37;1291
0.05;-[0]33;1282
0.05;-[0]27;1225
0.05;-[0]28;1274
0.05;-[0]38;1172
0.05;-[0]29;1165
0.05;-[0]26;1145
0.05;-[0]24;1116
0.05;-[0]22;1139
0.05;-[0]34;1318
0.05;-[0]18;1240
0.05;-[0]29;1168
0.05;-[0]39;1161
0.05;-[0]30;1159
0.05;-[0]33;1275
0.05;-[0]36;1241
0.05;-[0]34;1168
0.05;-[0]31;1114
0.05;-[0]41;1201
0.05;-[0]31;1243
0.05;-[0]48;1316
0.05;-[0]24;1229
0.05;-[0]25;1104
0.05;-[0]33;1251
0.05;-[0]27;1293
0.05;-[0]33;1252
0.05;-[0]27;1180
0.05;-[0]27;1114
0.05;-[0]44;1228
0.05;-[0]25;1074
0.05;-[0]20;1101
0.05;-[0]49;1309
0.05;-[0]21;1035
0.05;-[0]21;1185
0.05;-[0]28;1143
0.05;-[0]26;1163
0.05;-[0]32;1238
0.05;-[0]25;1238
0.05;-[0]37;1166
0.05;-[0]44;1192
0.05;-[0]36;1218
0.05;-[0]31;1186
0.05;-[0]33;1199
0.05;-[0]29;1149
0.05;-[0]39;1195
0.05;-[0]24;1118
0.05;-[0]28;1083
0.05;-[0]28;1106
0.05;-[0]35;1160
0.05;-[0]29;1173
0.05;-[0]45;1312
0.04;-[0]24;1081
0.04;-[0]28;1406
0.04;-[0]27;1274
0.04;-[0]30;1486
0.04;-[0]22;1215
0.04;-[0]39;1276
0.04;-[0]33;1353
0.04;-[0]28;1276
0.04;-[0]28;1327
0.04;-[0]50;1379
0.04;-[0]29;1353
0.04;-[0]35;1296
0.04;-[0]24;1290
0.04;-[0]33;1331
0.04;-[0]30;1298
0.04;-[0]24;1240
0.04;-[0]25;1060
0.04;-[0]22;1298
0.04;-[0]24;1259
0.04;-[0]39;1429
0.04;-[0]27;1263
0.04;-[0]16;1094
0.04;-[0]36;1537
0.04;-[0]38;1400
0.04;-[0]32;1349
0.04;-[0]22;1287
0.04;-[0]27;1276
0.04;-[0]34;1367
0.04;-[0]15;1162
0.04;-[0]19;1169
0.04;-[0]30;1447
0.04;-[0]25;1301
0.04;-[0]18;-306
0.04;-[0]33;1348
0.04;-[0]37;1453
0.04;-[0]27;1431
0.04;-[0]25;1345
0.04;-[0]24;1001
0.04;-[0]44;1593
0.04;-[0]34;1294
0.04;-[0]30;1350
0.04;-[0]24;1371
0.04;-[0]35;1332
0.04;-[0]25;1143
0.04;-[0]34;1386
0.04;-[0]30;1437
0.04;-[0]22;1362
0.04;-[0]14;1179
0.04;-[0]31;1395
0.04;-[0]37;1462
0.04;-[0]33;1447
0.04;-[0]27;1372
0.04;-[0]28;1448
0.04;-[0]38;1311
0.04;-[0]29;1300
0.04;-[0]26;1272
0.04;-[0]24;1240
0.04;-[0]22;1260
0.04;-[0]34;1503
0.04;-[0]18;1381
0.04;-[0]29;1308
0.04;-[0]39;1299
0.04;-[0]30;1281
0.04;-[0]33;1449
0.04;-[0]36;1402
0.04;-[0]34;1301
0.04;-[0]31;1231
0.04;-[0]41;1349
0.04;-[0]31;1398
0.04;-[0]48;1513
0.04;-[0]24;1376
0.04;-[0]25;1226
0.04;-[0]33;1414
0.04;-[0]27;1459
0.04;-[0]33;1412
0.04;-[0]27;1306
0.04;-[0]27;1241
0.04;-[0]44;1394
0.04;-[0]25;1198
0.04;-[0]20;1214
0.04;-[0]49;1488
0.04;-[0]21;1133
0.04;-[0]21;1315
0.04;-[0]28;1256
0.04;-[0]26;1300
0.04;-[0]32;1380
0.04;-[0]25;1379
0.04;-[0]37;1301
0.04;-[0]44;1338
0.04;-[0]36;1366
0.04;-[0]31;1315
0.04;-[0]33;1331
0.04;-[0]29;1263
0.04;-[0]39;1349
0.04;-[0]24;1229
0.04;-[0]28;1187
0.04;-[0]28;1223
0.04;-[0]35;1292
0.04;-[0]29;1306
0.04;-[0]45;1503
0.03;-[0]24;1219
0.03;-[0]28;1679
0.03;-[0]27;1500
0.03;-[0]30;1793
0.03;-[0]22;1402
0.03;-[0]39;1491
0.03;-[0]33;1592
0.03;-[0]28;1496
0.03;-[0]28;1549
0.03;-[0]50;1638
0.03;-[0]29;1607
0.03;-[0]35;1527
0.03;-[0]24;1512
0.03;-[0]33;1586
0.03;-[0]30;1517
0.03;-[0]24;1434
0.03;-[0]25;1188
0.03;-[0]22;1514
0.03;-[0]24;1456
0.03;-[0]39;1693
0.03;-[0]27;1464
0.03;-[0]16;1245
0.03;-[0]36;1870
0.03;-[0]38;1664
0.03;-[0]32;1598
0.03;-[0]22;1495
0.03;-[0]27;1488
0.03;-[0]34;1600
0.03;-[0]15;1325
0.03;-[0]19;1331
0.03;-[0]30;1744
0.03;-[0]25;1531
0.03;-[0]18;1096
0.03;-[0]33;1582
0.03;-[0]37;1735
0.03;-[0]27;1711
0.03;-[0]25;1570
0.03;-[0]24;1148
0.03;-[0]44;1952
0.03;-[0]34;1523
0.03;-[0]30;1596
0.03;-[0]24;1608
0.03;-[0]35;1556
0.03;-[0]25;1306
0.03;-[0]34;1636
0.03;-[0]30;1713
0.03;-[0]22;1609
0.03;-[0]14;1356
0.03;-[0]31;1652
0.03;-[0]37;1747
0.03;-[0]33;1721
0.03;-[0]27;1617
0.03;-[0]28;1737
0.03;-[0]38;1541
0.03;-[0]29;1525
0.03;-[0]26;1482
0.03;-[0]24;1448
0.03;-[0]22;1463
0.03;-[0]34;1812
0.03;-[0]18;1617
0.03;-[0]29;1540
0.03;-[0]39;1528
0.03;-[0]30;1484
0.03;-[0]33;1739
0.03;-[0]36;1672
0.03;-[0]34;1522
0.03;-[0]31;1427
0.03;-[0]41;1594
0.03;-[0]31;1656
0.03;-[0]48;1842
0.03;-[0]24;1622
0.03;-[0]25;1429
0.03;-[0]33;1686
0.03;-[0]27;1735
0.03;-[0]33;1677
0.03;-[0]27;1515
0.03;-[0]27;1453
0.03;-[0]44;1671
0.03;-[0]25;1405
0.03;-[0]20;1403
0.03;-[0]49;1785
0.03;-[0]21;1292
0.03;-[0]21;1532
0.03;-[0]28;1444
0.03;-[0]26;1528
0.03;-[0]32;1617
0.03;-[0]25;1615
0.03;-[0]37;1526
0.03;-[0]44;1580
0.03;-[0]36;1612
0.03;-[0]31;1530
0.03;-[0]33;1552
0.03;-[0]29;1452
0.03;-[0]39;1607
0.03;-[0]24;1412
0.03;-[0]28;1360
0.03;-[0]28;1418
0.03;-[0]35;1514
0.03;-[0]29;1527
0.03;-[0]45;1821
0.02;-[0]24;1497
0.02;-[0]28;2223
0.02;-[0]27;1953
0.02;-[0]30;2406
0.02;-[0]22;1776
0.02;-[0]39;1922
0.02;-[0]33;2069
0.02;-[0]28;1934
0.02;-[0]28;1991
0.02;-[0]50;2158
0.02;-[0]29;2116
0.02;-[0]35;1990
0.02;-[0]24;1955
0.02;-[0]33;2095
0.02;-[0]30;1955
0.02;-[0]24;1821
0.02;-[0]25;1446
0.02;-[0]22;1947
0.02;-[0]24;1850
0.02;-[0]39;2221
0.02;-[0]27;1868
0.02;-[0]16;1547
0.02;-[0]36;2537
0.02;-[0]38;2192
0.02;-[0]32;2097
0.02;-[0]22;1910
0.02;-[0]27;1910
0.02;-[0]34;2067
0.02;-[0]15;1651
0.02;-[0]19;1656
0.02;-[0]30;2339
0.02;-[0]25;1991
0.02;-[0]18;1335
0.02;-[0]33;2050
0.02;-[0]37;2301
0.02;-[0]27;2271
0.02;-[0]25;2021
0.02;-[0]24;1406
0.02;-[0]44;2669
0.02;-[0]34;1981
0.02;-[0]30;2086
0.02;-[0]24;2083
0.02;-[0]35;2006
0.02;-[0]25;1633
0.02;-[0]34;2136
0.02;-[0]30;2267
0.02;-[0]22;2105
0.02;-[0]14;1709
0.02;-[0]31;2167
0.02;-[0]37;2317
0.02;-[0]33;2269
0.02;-[0]27;2107
0.02;-[0]28;2316
0.02;-[0]38;2002
0.02;-[0]29;1975
0.02;-[0]26;1903
0.02;-[0]24;1863
0.02;-[0]22;1869
0.02;-[0]34;2429
0.02;-[0]18;2087
0.02;-[0]29;2005
0.02;-[0]39;1987
0.02;-[0]30;1891
0.02;-[0]33;2318
0.02;-[0]36;2211
0.02;-[0]34;1965
0.02;-[0]31;1818
0.02;-[0]41;2085
0.02;-[0]31;2172
0.02;-[0]48;2500
0.02;-[0]24;2114
0.02;-[0]25;1835
0.02;-[0]33;2229
0.02;-[0]27;2288
0.02;-[0]33;2209
0.02;-[0]27;1934
0.02;-[0]27;1876
0.02;-[0]44;2225
0.02;-[0]25;1818
0.02;-[0]20;1780
0.02;-[0]49;2379
0.02;-[0]21;1610
0.02;-[0]21;1966
0.02;-[0]28;1821
0.02;-[0]26;1985
0.02;-[0]32;2090
0.02;-[0]25;2085
0.02;-[0]37;1977
0.02;-[0]44;2065
0.02;-[0]36;2105
0.02;-[0]31;1960
0.02;-[0]33;1994
0.02;-[0]29;1830
0.02;-[0]39;2123
0.02;-[0]24;1780
0.02;-[0]28;1707
0.02;-[0]28;1809
0.02;-[0]35;1956
0.02;-[0]29;1969
0.02;-[0]45;2456
0.01;-[0]24;2329
0.01;-[0]28;3857
0.01;-[0]27;3311
0.01;-[0]30;4246
0.01;-[0]22;2899
0.01;-[0]39;3215
0.01;-[0]33;3502
0.01;-[0]28;3250
0.01;-[0]28;3319
0.01;-[0]50;3716
0.01;-[0]29;3643
0.01;-[0]35;3377
0.01;-[0]24;3285
0.01;-[0]33;3622
0.01;-[0]30;3269
0.01;-[0]24;2982
0.01;-[0]25;2218
0.01;-[0]22;3244
0.01;-[0]24;3032
0.01;-[0]39;3806
0.01;-[0]27;3078
0.01;-[0]16;2454
0.01;-[0]36;4538
0.01;-[0]38;3777
0.01;-[0]32;3594
0.01;-[0]22;3155
0.01;-[0]27;3178
0.01;-[0]34;3466
0.01;-[0]15;2629
0.01;-[0]19;2629
0.01;-[0]30;4123
0.01;-[0]25;3371
0.01;-[0]18;2053
0.01;-[0]33;3454
0.01;-[0]37;3997
0.01;-[0]27;3951
0.01;-[0]25;3372
0.01;-[0]24;2180
0.01;-[0]44;4821
0.01;-[0]34;3355
0.01;-[0]30;3558
0.01;-[0]24;3508
0.01;-[0]35;3354
0.01;-[0]25;2613
0.01;-[0]34;3636
0.01;-[0]30;3927
0.01;-[0]22;3591
0.01;-[0]14;2769
0.01;-[0]31;3711
0.01;-[0]37;4026
0.01;-[0]33;3913
0.01;-[0]27;3578
0.01;-[0]28;4053
0.01;-[0]38;3384
0.01;-[0]29;3326
0.01;-[0]26;3165
0.01;-[0]24;3108
0.01;-[0]22;3087
0.01;-[0]34;4280
0.01;-[0]18;3499
0.01;-[0]29;3399
0.01;-[0]39;3364
0.01;-[0]30;3112
0.01;-[0]33;4055
0.01;-[0]36;3829
0.01;-[0]34;3292
0.01;-[0]31;2992
0.01;-[0]41;3557
0.01;-[0]31;3720
0.01;-[0]48;4474
0.01;-[0]24;3589
0.01;-[0]25;3052
0.01;-[0]33;3858
0.01;-[0]27;3947
0.01;-[0]33;3803
0.01;-[0]27;3190
0.01;-[0]27;3145
0.01;-[0]44;3887
0.01;-[0]25;3059
0.01;-[0]20;2911
0.01;-[0]49;4161
0.01;-[0]21;2565
0.01;-[0]21;3268
0.01;-[0]28;2950
0.01;-[0]26;3355
0.01;-[0]32;3510
0.01;-[0]25;3497
0.01;-[0]37;3330
0.01;-[0]44;3519
0.01;-[0]36;3584
0.01;-[0]31;3250
0.01;-[0]33;3319
0.01;-[0]29;2965
0.01;-[0]39;3671
0.01;-[0]24;2882
0.01;-[0]28;2747
0.01;-[0]28;2982
0.01;-[0]35;3284
0.01;-[0]29;3296
0.01;-[0]45;4363