0.5;fail
0.5;fail
0.5;fail
0.5;fail
0.5;fail
0.5;fail
0.5;fail
0.5;fail
0.5;fail
0.5;fail
0.5;fail
0.5;fail
0.5;fail
0.5;fail
0.5;fail
0.5;fail
0.5;fail
0.5;fail
0.5;fail
0.5;fail
0.5;fail
0.5;fail
0.5;fail
0.5;fail
0.5;fail
0.5;fail
0.5;fail
0.5;fail
0.5;fail
0.5;fail
0.5;fail
0.5;fail
0.5;fail
0.5;fail
0.5;fail
0.5;fail
0.5;fail
0.5;fail
0.5;fail
0.5;fail
0.5;fail
0.5;fail
0.5;fail
0.5;fail
0.5;fail
0.5;fail
0.5;fail
0.5;fail
0.5;fail
0.5;fail
0.5;fail
0.5;fail
0.5;fail
0.5;fail
0.5;fail
0.5;fail
0.5;fail
0.5;fail
0.5;fail
0.5;fail
0.5;fail
0.5;fail
0.5;fail
0.5;fail
0.5;20;273;1039
0.5;fail
0.5;fail
0.5;fail
0.5;fail
0.5;fail
0.5;fail
0.5;fail
0.5;fail
0.5;fail
0.5;fail
0.5;fail
0.5;fail
0.5;fail
0.5;fail
0.5;fail
0.5;18;1023;253
0.5;fail
0.5;19;266;1029
0.5;fail
0.5;fail
0.5;fail
0.5;fail
0.5;fail
0.5;21;1029;254
0.5;fail
0.5;fail
0.5;15;271;1036
0.5;25;264;1016
0.5;fail
0.5;fail
0.5;fail
0.5;fail
0.5;22;1032;267
0.5;fail
0.2;fail
0.2;21;1056;616
0.5;21;1031;255
0.2;18;1062;708
0.2;25;1062;625
0.2;37;1045;662
0.2;23;658;1056
0.2;26;1032;616
0.2;24;691;1065
0.2;126;956;689
0.2;29;602;1053
0.2;68;810;808
0.2;16;640;1064
0.2;21;614;1053
0.2;28;1032;654
0.2;78;1011;620
0.2;593;492;492
0.2;85;832;775
0.2;23;685;1001
0.2;78;1007;680
0.2;113;966;637
0.2;18;1042;566
0.2;22;1079;625
0.2;27;1041;636
0.2;104;643;970
0.2;20;685;1077
0.2;22;1056;640
0.2;26;1058;649
0.2;18;1053;661
0.2;55;658;1030
0.2;21;955;757
0.2;15;1050;598
0.2;29;1060;583
0.2;20;593;1052
0.2;11;1090;678
0.2;42;651;1050
0.2;21;933;800
0.2;35;827;829
0.2;14;1061;618
0.2;28;1024;671
0.2;89;984;758
0.2;126;996;677
0.2;19;1053;626
0.2;90;998;600
0.2;26;620;1037
0.2;17;1059;637
0.2;19;656;1063
0.2;60;874;821
0.2;79;608;988
0.2;136;663;953
0.2;22;860;863
0.2;18;616;1029
0.2;27;633;1028
0.2;63;1003;610
0.2;77;753;928
0.2;127;653;956
0.2;545;552;552
0.2;17;849;850
0.2;fail
0.2;35;1005;625
0.2;19;664;1063
0.2;17;645;1061
0.2;13;1032;614
0.2;49;620;1044
0.2;26;1057;653
0.2;26;1018;625
0.2;13;1079;679
0.2;40;1043;688
0.2;24;1034;608
0.2;17;1046;580
0.2;15;1060;653
0.2;23;633;1023
0.2;67;621;1013
0.2;21;1064;593
0.2;24;1070;674
0.2;22;684;1068
0.2;76;1007;607
0.2;19;1013;713
0.2;59;1019;696
0.2;27;1060;640
0.2;17;630;1024
0.2;35;1047;601
0.2;29;1046;619
0.2;20;608;1036
0.2;20;867;863
0.2;583;505;505
0.2;30;1062;666
0.2;15;1052;604
0.2;21;897;848
0.2;82;794;793
0.2;84;1009;619
0.2;23;1048;675
0.2;15;892;767
0.2;23;1081;631
0.2;24;1047;603
0.2;16;885;743
0.2;21;645;1055
0.2;41;619;1036
0.2;17;1066;639
0.2;18;601;1032
0.19;fail
0.19;25;662;1058
0.19;25;1050;694
0.19;37;699;1048
0.19;22;706;1062
0.19;26;613;1032
0.19;17;641;1058
0.2;19;1063;668
0.19;17;1065;673
0.19;19;747;1060
0.19;29;1055;624
0.19;21;598;1032
0.19;19;974;814
0.19;25;718;1050
0.19;28;876;817
0.19;16;663;1069
0.19;122;777;777
0.19;17;696;1057
0.19;25;803;769
0.19;15;881;846
0.19;19;854;825
0.19;16;700;1058
0.19;73;656;996
0.19;18;1070;695
0.19;116;798;796
0.19;25;680;1078
0.19;75;994;644
0.19;19;1051;666
0.19;20;1052;652
0.19;76;989;678
0.19;20;673;1051
0.19;28;1021;680
0.19;40;1049;699
0.19;20;1056;741
0.19;80;1021;733
0.19;139;926;670
0.19;72;1003;694
0.19;25;1071;693
0.19;64;983;576
0.19;12;844;846
0.19;86;984;712
0.19;24;708;1106
0.19;25;650;1062
0.19;19;1058;639
0.19;23;663;1056
0.19;14;956;840
0.19;18;1037;646
0.19;13;901;816
0.19;33;1047;752
0.19;19;656;1043
0.19;39;650;1030
0.19;18;1028;661
0.19;22;966;755
0.19;23;1028;624
0.19;13;943;785
0.19;15;1046;763
0.19;24;1041;669
0.19;25;1077;734
0.19;fail
0.19;12;836;835
0.19;22;1056;707
0.19;25;1017;628
0.19;35;634;1038
0.19;14;1065;694
0.19;26;1054;621
0.19;16;1072;735
0.19;23;925;786
0.19;19;1048;668
0.19;17;932;826
0.19;20;1053;615
0.19;14;1062;682
0.19;20;670;1062
0.19;18;1017;650
0.19;31;680;1054
0.19;20;1070;633
0.19;22;1052;730
0.19;20;1057;656
0.19;20;1058;647
0.19;78;1011;640
0.19;21;1057;733
0.19;28;1042;682
0.19;64;627;979
0.19;20;1035;698
0.19;27;1046;702
0.19;21;1002;774
0.19;21;626;1069
0.19;26;1064;671
0.19;25;1037;727
0.19;19;1062;675
0.19;23;945;710
0.19;21;857;853
0.19;19;844;846
0.19;19;608;1032
0.19;43;1030;714
0.19;26;1034;638
0.19;75;996;624
0.19;119;619;959
0.19;63;717;1012
0.19;19;958;739
0.19;17;1030;635
0.19;50;640;1027
0.18;fail
0.18;22;1044;681
0.18;79;744;1004
0.18;21;1063;632
0.18;575;504;504
0.18;20;1063;691
0.18;27;1026;693
0.18;19;728;1067
0.18;19;1062;691
0.18;25;721;1049
0.18;639;459;459
0.18;24;1021;713
0.18;27;1059;678
0.18;20;1053;717
0.18;16;1074;731
0.18;17;1047;709
0.18;26;690;1046
0.18;25;823;876
0.18;21;922;843
0.18;14;1061;658
0.18;22;759;1041
0.18;16;1065;679
0.18;18;1054;623
0.18;53;845;847
0.18;18;1025;753
0.18;19;729;1052
0.18;31;649;1034
0.18;33;1023;719
0.18;22;1049;733
0.18;28;1058;746
0.18;20;728;1054
0.18;73;769;1009
0.18;21;1057;732
0.18;19;1050;716
0.18;129;696;951
0.18;23;1058;707
0.18;24;739;1016
0.18;12;676;1069
0.18;24;735;1077
0.18;39;733;1083
0.18;45;1030;696
0.18;135;943;713
0.18;100;701;983
0.18;80;999;718
0.18;13;1020;703
0.18;18;1055;669
0.18;43;1050;657
0.18;17;1037;700
0.18;71;1016;704
0.18;20;694;1047
0.18;14;1032;678
0.18;22;1050;655
0.18;24;670;1042
0.18;28;1079;707
0.18;17;1077;780
0.18;73;982;693
0.18;14;1059;684
0.18;22;707;1067
0.18;49;989;686
0.18;605;481;481
0.18;88;995;756
0.18;34;679;1043
0.18;20;703;1048
0.18;24;1023;665
0.18;23;1027;648
0.18;18;801;1055
0.18;22;1028;655
0.18;62;863;860
0.18;101;993;768
0.18;19;965;765
0.18;19;767;1060
0.18;18;728;1024
0.18;21;1084;735
0.18;42;1041;660
0.18;58;745;1021
0.18;17;953;762
0.18;78;687;1011
0.18;21;725;1053
0.18;22;1059;645
0.18;19;1027;716
0.18;28;861;858
0.18;35;1064;718
0.18;71;651;983
0.18;65;876;849
0.18;21;686;1066
0.18;625;469;469
0.18;23;1045;858
0.18;15;771;1068
0.18;20;960;806
0.18;79;733;1004
0.18;112;955;671
0.18;23;820;989
0.18;18;1042;742
0.18;29;1037;695
0.18;72;1002;672
0.18;18;982;774
0.18;20;711;1068
0.18;17;1035;646
0.18;19;687;1061
0.18;29;1049;707
0.17;fail
0.17;30;839;842
0.17;22;767;1069
0.17;113;822;965
0.17;20;745;1064
0.17;69;735;1014
0.17;19;1040;799
0.17;18;1065;774
0.17;29;1057;737
0.17;142;786;950
0.17;25;1056;716
0.17;17;1064;731
0.17;25;665;1024
0.17;21;1060;745
0.17;39;697;1035
0.17;15;1078;753
0.17;22;724;1064
0.17;23;696;1013
0.17;21;1054;753
0.17;16;1068;792
0.17;15;946;869
0.17;88;741;975
0.17;69;1002;737
0.17;152;949;739
0.17;16;1078;745
0.17;68;1007;763
0.17;95;829;833
0.17;77;719;987
0.17;32;1040;745
0.17;20;745;1064
0.17;25;772;1059
0.17;33;1026;722
0.17;15;1079;780
0.17;19;661;1056
0.17;24;900;812
0.17;22;1060;705
0.17;24;1021;641
0.17;30;731;1059
0.17;16;1064;804
0.17;52;847;846
0.17;56;1076;855
0.17;67;1017;809
0.17;19;755;1065
0.17;21;1061;767
0.17;15;1047;725
0.17;18;1063;744
0.17;15;1046;728
0.17;46;1033;789
0.17;80;999;745
0.17;78;991;785
0.17;21;1024;673
0.17;20;1074;724
0.17;85;707;976
0.17;19;758;1027
0.17;21;740;1055
0.17;73;1003;752
0.17;62;731;1022
0.17;55;991;753
0.17;84;1028;746
0.17;13;821;820
0.17;25;942;772
0.17;27;1058;765
0.17;21;756;1044
0.17;40;1034;765
0.17;24;709;1027
0.17;16;1053;795
0.17;26;744;1024
0.17;27;1052;795
0.17;620;463;463
0.17;28;1069;755
0.17;28;752;1063
0.17;17;880;879
0.17;19;1059;746
0.17;675;438;438
0.17;22;1063;807
0.17;23;736;1072
0.17;27;1030;680
0.17;28;1043;775
0.17;67;657;982
0.17;16;1061;732
0.17;91;984;726
0.17;27;1036;707
0.17;25;975;802
0.17;27;1066;796
0.17;661;428;428
0.17;20;1070;810
0.17;20;664;1043
0.17;79;1003;726
0.17;79;732;989
0.17;20;982;827
0.17;17;1066;727
0.17;67;980;752
0.17;19;862;859
0.17;69;730;987
0.17;17;1053;725
0.17;21;745;1066
0.17;20;1062;809
0.17;86;781;984
0.17;20;1034;680
0.17;29;772;1055
0.16;fail
0.16;646;444;444
0.16;90;984;744
0.16;604;470;470
0.16;77;1011;903
0.16;50;1031;756
0.16;16;757;1057
0.16;20;1038;701
0.16;17;1064;755
0.16;21;1062;822
0.16;61;1028;770
0.16;25;802;1051
0.16;24;778;1026
0.16;24;1049;754
0.16;120;762;962
0.16;19;770;1057
0.16;14;1067;761
0.16;20;976;791
0.16;659;431;431
0.16;89;993;748
0.16;80;864;865
0.16;46;1003;802
0.16;14;1073;781
0.16;37;872;869
0.16;50;759;1041
0.16;625;448;448
0.16;21;1038;791
0.16;89;987;807
0.16;88;728;983
0.16;160;781;926
0.16;73;1000;760
0.16;18;781;1036
0.16;76;1006;796
0.16;29;760;1052
0.16;21;1060;769
0.16;86;706;992
0.16;23;748;1025
0.16;152;922;805
0.16;17;1079;831
0.16;16;770;1064
0.16;28;976;918
0.16;15;790;1060
0.16;18;1064;840
0.16;81;1008;783
0.16;20;943;954
0.16;16;668;1042
0.16;55;1028;772
0.16;24;848;1036
0.16;25;1053;801
0.16;22;1067;796
0.16;21;846;847
0.16;18;1060;717
0.16;18;1047;774
0.16;16;1045;880
0.16;45;1040;792
0.16;80;727;975
0.16;32;1050;797
0.16;45;1061;859
0.16;21;1070;787
0.16;36;895;891
0.16;93;997;782
0.16;53;989;818
0.16;25;775;1020
0.16;14;1053;792
0.16;17;1057;778
0.16;24;1023;758
0.16;23;1019;702
0.16;21;1059;795
0.16;163;933;797
0.16;16;1058;749
0.16;21;1086;777
0.16;606;459;459
0.16;19;783;1060
0.16;72;1010;744
0.16;16;852;853
0.16;24;1028;728
0.16;78;815;993
0.16;17;1044;788
0.16;22;1060;738
0.16;16;908;903
0.16;23;889;969
0.16;28;1060;806
0.16;27;1040;754
0.16;61;943;854
0.16;90;1002;739
0.16;22;809;1070
0.16;17;725;1048
0.16;21;1068;820
0.16;84;754;990
0.16;654;430;430
0.16;18;1047;792
0.16;18;1054;799
0.16;18;1029;861
0.16;17;1058;799
0.16;73;980;776
0.16;134;806;955
0.16;23;823;1069
0.16;25;929;824
0.16;15;1066;815
0.16;36;812;1049
0.15;34;924;923
0.15;15;1066;830
0.15;11;1067;897
0.15;65;1020;858
0.15;40;963;927
0.15;64;1015;783
0.15;53;890;1029
0.15;208;914;924
0.15;667;428;428
0.15;46;1032;864
0.15;23;816;988
0.15;23;915;1053
0.15;107;972;902
0.15;40;1036;881
0.15;164;916;914
0.15;18;1042;839
0.15;17;963;897
0.15;13;876;1061
0.15;23;1022;910
0.15;22;1035;801
0.15;667;431;431
0.15;95;840;994
0.15;14;846;1078
0.15;24;1055;844
0.15;16;1060;886
0.15;17;1046;875
0.15;20;894;1059
0.15;51;1024;843
0.15;26;1063;845
0.15;20;805;1066
0.15;17;1039;758
0.15;176;903;816
0.15;16;1064;757
0.15;15;1023;775
0.15;16;993;918
0.15;23;836;1029
0.15;29;858;1038
0.15;64;1026;806
0.15;21;1017;1014
0.15;74;1002;796
0.15;15;925;923
0.15;16;1059;820
0.15;18;1065;842
0.15;676;401;401
0.15;76;983;770
0.15;73;1012;788
0.15;69;998;873
0.15;59;831;1025
0.15;22;805;1032
0.15;19;991;800
0.15;22;870;872
0.15;17;818;1049
0.15;72;1010;889
0.15;18;1065;857
0.15;11;954;849
0.15;23;813;1084
0.15;19;1007;874
0.15;24;1032;932
0.15;16;1004;801
0.15;27;1055;856
0.15;16;1009;831
0.15;4;904;899
0.15;115;814;957
0.15;32;787;1014
0.15;22;1063;891
0.15;21;1022;772
0.15;690;417;417
0.15;98;979;787
0.15;73;993;811
0.15;17;1067;909
0.15;25;821;1041
0.15;14;1031;861
0.15;25;1015;831
0.15;21;1075;816
0.15;81;818;982
0.15;654;427;427
0.15;14;1058;793
0.15;18;1069;921
0.15;25;911;910
0.15;24;1029;801
0.15;19;835;1058
0.15;17;794;1061
0.15;36;804;1024
0.15;22;861;1067
0.15;38;1041;775
0.15;13;966;1066
0.15;27;1042;779
0.15;22;891;890
0.15;149;927;751
0.15;26;1064;819
0.15;13;1045;839
0.15;19;920;919
0.15;17;1038;876
0.15;13;1027;822
0.15;86;988;849
0.15;20;858;1072
0.15;38;842;1051
0.15;35;1021;927
0.15;17;1056;850
0.15;22;815;1057
0.14;35;940;1042
0.14;14;804;1071
0.14;671;415;415
0.14;102;993;992
0.14;20;871;1070
0.14;21;934;1048
0.14;51;1028;902
0.14;53;885;1084
0.14;19;1059;875
0.14;20;1069;906
0.14;26;1049;874
0.14;21;785;1053
0.14;101;983;834
0.14;20;1025;844
0.14;43;906;905
0.14;17;853;1018
0.14;25;1031;849
0.14;43;1029;972
0.14;14;992;1063
0.14;155;908;862
0.14;27;1056;869
0.14;25;844;1047
0.14;14;924;923
0.14;17;1049;845
0.14;19;858;1056
0.14;43;925;1022
0.14;19;819;1060
0.14;16;883;1061
0.14;16;1067;913
0.14;18;884;1042
0.14;21;1066;944
0.14;17;936;934
0.14;36;1043;886
0.14;20;888;1059
0.14;13;1062;913
0.14;21;891;888
0.14;28;1050;1059
0.14;46;927;1067
0.14;23;937;1032
0.14;14;1067;871
0.14;23;1029;888
0.14;17;843;1060
0.14;21;1054;859
0.14;19;1051;868
0.14;72;988;840
0.14;85;926;997
0.14;46;922;846
0.14;18;955;889
0.14;82;1000;843
0.14;16;1027;884
0.14;153;931;933
0.14;27;917;1050
0.14;23;1058;840
0.14;13;1077;932
0.14;14;1041;826
0.14;16;1042;883
0.14;23;1069;923
0.14;692;393;393
0.14;23;891;1066
0.14;18;1029;827
0.14;14;1066;977
0.14;64;938;997
0.14;87;986;895
0.14;36;793;1013
0.14;95;995;822
0.14;21;963;842
0.14;81;1002;874
0.14;20;1092;907
0.14;79;988;890
0.14;21;1071;948
0.14;43;944;1057
0.14;76;889;989
0.14;14;817;1031
0.14;17;937;1027
0.14;20;880;1049
0.14;56;985;1022
0.14;22;845;1034
0.14;24;903;901
0.14;15;1025;935
0.14;17;1072;885
0.14;40;935;1042
0.14;100;985;858
0.14;17;844;1032
0.14;19;1069;952
0.14;54;964;1027
0.14;61;828;1022
0.14;20;932;1041
0.14;23;901;1066
0.14;22;967;1055
0.14;97;857;995
0.14;12;1055;945
0.14;72;918;1008
0.14;18;817;1041
0.14;18;907;906
0.14;18;1063;884
0.14;19;892;1055
0.14;34;902;904
0.14;30;845;1028
0.14;157;837;919
0.14;672;412;412
0.13;45;969;1041
0.13;96;950;969
0.13;40;923;922
0.13;36;957;1055
0.13;16;1068;960
0.13;20;1027;986
0.13;746;373;373
0.13;25;1053;935
0.13;743;348;348
0.13;23;1057;921
0.13;21;978;1050
0.13;19;889;1027
0.13;97;986;956
0.13;27;899;1035
0.13;20;1012;1060
0.13;15;1058;975
0.13;19;922;1021
0.13;28;922;1049
0.13;18;922;1065
0.13;12;1057;954
0.13;25;1049;899
0.13;22;910;1042
0.13;19;1057;947
0.13;19;1039;1037
0.13;19;977;973
0.13;16;1048;881
0.13;39;979;978
0.13;92;979;927
0.13;21;978;976
0.13;21;1040;845
0.13;14;1064;1061
0.13;19;958;1068
0.13;14;1046;1021
0.13;29;952;1055
0.13;734;342;342
0.13;34;1034;895
0.13;56;1022;1025
0.13;29;1008;971
0.13;116;994;994
0.13;15;874;1060
0.13;19;913;1070
0.13;17;1065;962
0.13;159;912;915
0.13;15;1060;974
0.13;77;987;971
0.13;20;1066;1070
0.13;17;922;1063
0.13;34;1037;1036
0.13;22;1032;939
0.13;94;985;890
0.13;18;1028;885
0.13;24;939;1068
0.13;88;976;873
0.13;30;1033;941
0.13;17;978;1070
0.13;17;1052;970
0.13;16;1041;916
0.13;14;1070;926
0.13;144;942;910
0.13;25;978;1062
0.13;18;1023;865
0.13;79;964;1010
0.13;105;995;876
0.13;147;919;926
0.13;75;936;983
0.13;22;916;914
0.13;78;965;879
0.13;97;989;949
0.13;25;1043;928
0.13;21;879;1029
0.13;29;965;1035
0.13;20;1001;928
0.13;24;1065;895
0.13;23;920;919
0.13;13;1002;887
0.13;21;1039;1037
0.13;21;1057;966
0.13;76;1006;975
0.13;17;1064;1010
0.13;221;865;861
0.13;82;982;904
0.13;87;1004;986
0.13;17;851;1034
0.13;20;968;1067
0.13;25;1064;989
0.13;23;1051;963
0.13;15;1052;902
0.13;65;1020;996
0.13;14;1058;978
0.13;18;959;1065
0.13;28;916;1046
0.13;694;389;389
0.13;26;1027;900
0.13;40;1030;931
0.13;22;1044;904
0.13;20;1046;943
0.13;71;1024;942
0.13;36;976;1022
0.13;19;1034;974
0.13;163;919;916
0.12;134;870;871
0.12;178;911;909
0.12;18;1056;1050
0.12;19;1046;997
0.12;26;1065;992
0.12;21;1053;941
0.12;23;1064;1067
0.12;19;1094;1054
0.12;20;996;994
0.12;81;996;949
0.12;111;971;969
0.12;52;985;1033
0.12;148;928;931
0.12;19;948;1032
0.12;13;1059;966
0.12;26;1030;1010
0.12;19;952;966
0.12;89;982;981
0.12;74;1011;997
0.12;19;985;981
0.12;16;1041;998
0.12;734;362;362
0.12;84;992;987
0.12;689;378;378
0.12;10;1060;987
0.12;741;350;350
0.12;28;1050;948
0.12;25;939;940
0.12;41;1018;945
0.12;22;1046;1042
0.12;51;1032;1003
0.12;97;988;972
0.12;17;1067;1043
0.12;103;977;976
0.12;156;897;899
0.12;31;973;970
0.12;27;1041;1011
0.12;17;1024;1025
0.12;18;1099;1096
0.12;21;1052;1053
0.12;23;1062;930
0.12;22;959;1069
0.12;12;965;1062
0.12;15;1069;1009
0.12;53;1018;1022
0.12;14;926;925
0.12;88;991;995
0.12;24;1034;1036
0.12;17;957;1033
0.12;11;1078;1004
0.12;15;1054;1052
0.12;67;1029;983
0.12;41;1036;1034
0.12;19;1035;980
0.12;17;916;913
0.12;15;1053;1051
0.12;18;1002;998
0.12;62;1021;914
0.12;40;1053;1050
0.12;19;964;962
0.12;18;939;1048
0.12;17;1071;1027
0.12;747;362;362
0.12;17;901;901
0.12;22;1019;1054
0.12;21;1035;1013
0.12;162;925;923
0.12;716;362;362
0.12;63;910;915
0.12;26;1076;1072
0.12;40;1006;1020
0.12;26;982;1037
0.12;16;1035;956
0.12;25;1038;1002
0.12;81;968;969
0.12;85;979;965
0.12;21;1036;973
0.12;17;1029;1054
0.12;45;1040;1037
0.12;725;363;363
0.12;38;920;1042
0.12;14;1069;1070
0.12;22;1022;1020
0.12;18;1038;1002
0.12;20;975;1063
0.12;91;990;988
0.12;17;1034;1036
0.12;21;1049;1057
0.12;13;1056;1053
0.12;14;1072;963
0.12;23;1054;1052
0.12;18;1060;961
0.12;24;957;955
0.12;17;925;927
0.12;22;1048;989
0.12;20;1052;988
0.12;15;970;1075
0.12;24;1003;1026
0.12;30;1032;954
0.12;21;1016;1060
0.11;80;993;991
0.11;71;1002;1001
0.11;18;1049;1073
0.11;101;964;962
0.11;22;1070;1066
0.11;281;802;801
0.11;21;1052;1032
0.11;107;1014;1013
0.11;21;911;915
0.11;29;1042;1045
0.11;107;982;982
0.11;45;1036;1034
0.11;20;1062;1053
0.11;16;970;967
0.11;84;1004;1003
0.11;17;1055;1058
0.11;18;937;1025
0.11;120;952;952
0.11;107;903;904
0.11;19;1050;1051
0.11;22;1045;1047
0.11;17;1058;1025
0.11;90;966;964
0.11;38;1055;1052
0.11;14;1061;1058
0.11;74;1019;1018
0.11;80;1005;1004
0.11;51;1017;1018
0.11;14;1075;1078
0.11;28;1043;1047
0.11;67;1019;1020
0.11;15;1040;1043
0.11;15;1059;1057
0.11;744;331;331
0.11;181;904;907
0.11;14;1024;1009
0.11;770;339;339
0.11;24;1032;1030
0.11;56;1029;1028
0.11;19;1051;1052
0.11;763;332;332
0.11;690;374;374
0.11;16;1024;1070
0.11;18;972;970
0.11;24;1053;1050
0.11;19;982;980
0.11;17;1032;1075
0.11;20;1043;1059
0.11;18;1036;1039
0.11;18;958;1028
0.11;23;1031;1033
0.11;45;1005;1008
0.11;750;343;343
0.11;98;988;987
0.11;67;1035;1032
0.11;22;1061;1064
0.11;51;1015;1014
0.11;18;1046;1047
0.11;20;1026;977
0.11;23;1063;1059
0.11;50;977;975
0.11;22;1026;1059
0.11;27;1039;1038
0.11;24;1041;1038
0.11;25;1045;1043
0.11;87;963;965
0.11;17;1028;1023
0.11;21;1087;1086
0.11;30;974;970
0.11;730;354;354
0.11;87;997;996
0.11;15;1038;1036
0.11;18;1041;1042
0.11;19;1042;1041
0.11;32;1041;1040
0.11;27;1021;1019
0.11;27;1050;1048
0.11;93;968;956
0.11;18;1043;1044
0.11;15;1075;1076
0.11;57;1027;1025
0.11;59;1027;1025
0.11;20;1024;1025
0.11;22;1059;1057
0.11;732;360;360
0.11;29;1061;1062
0.11;17;1038;1010
0.11;107;973;974
0.11;24;1030;1027
0.11;22;1059;1060
0.11;201;863;861
0.11;91;988;986
0.11;95;958;958
0.11;13;1065;1064
0.11;165;901;898
0.11;13;974;973
0.11;758;345;345
0.11;92;959;957
0.11;20;1034;1031
0.11;31;942;942
0.1;765;313;313
0.1;183;881;879
0.1;39;1003;999
0.1;787;324;324
0.1;25;1060;1059
0.1;19;1046;1047
0.1;15;1047;1050
0.1;22;1063;1061
0.1;174;910;909
0.1;80;989;988
0.1;27;1067;1066
0.1;19;1025;1024
0.1;20;943;942
0.1;22;1072;1070
0.1;18;1012;1011
0.1;34;1037;1036
0.1;20;1028;1026
0.1;20;1017;1015
0.1;20;955;954
0.1;18;1053;1059
0.1;31;1027;1025
0.1;22;1050;1048
0.1;28;1058;1059
0.1;115;964;963
0.1;18;1070;1067
0.1;26;1057;1056
0.1;76;984;982
0.1;36;1051;1049
0.1;24;1039;1040
0.1;85;974;970
0.1;84;1003;999
0.1;18;1069;1068
0.1;52;1022;1021
0.1;166;900;902
0.1;18;1036;1037
0.1;51;1027;1026
0.1;25;1063;1061
0.1;22;1086;1089
0.1;15;1022;1025
0.1;55;1028;1027
0.1;20;1073;1075
0.1;85;1000;998
0.1;101;991;990
0.1;20;1059;1057
0.1;135;949;950
0.1;770;324;324
0.1;88;980;979
0.1;86;957;955
0.1;20;1023;1025
0.1;84;996;998
0.1;82;971;973
0.1;107;1000;1000
0.1;20;1034;1037
0.1;31;1045;1042
0.1;25;1076;1080
0.1;80;982;985
0.1;196;881;882
0.1;98;990;990
0.1;769;312;312
0.1;15;1024;1027
0.1;97;995;996
0.1;26;1057;1053
0.1;32;991;988
0.1;21;1030;1028
0.1;18;1030;1029
0.1;27;1037;1040
0.1;17;1099;1097
0.1;93;957;958
0.1;43;997;993
0.1;16;973;970
0.1;99;965;965
0.1;237;848;844
0.1;756;321;321
0.1;43;1043;1041
0.1;18;1039;1037
0.1;21;1031;1028
0.1;96;987;985
0.1;735;324;324
0.1;29;1067;1068
0.1;28;1056;1060
0.1;19;1050;1052
0.1;23;1061;1060
0.1;710;335;335
0.1;26;1060;1057
0.1;167;913;912
0.1;48;1038;1037
0.1;15;1038;1034
0.1;19;1056;1057
0.1;158;919;920
0.1;25;1043;1045
0.1;16;1045;1047
0.1;87;959;958
0.1;18;1053;1055
0.1;17;1050;1052
0.1;24;1055;1056
0.1;16;1070;1069
0.1;78;996;998
0.1;20;1038;1039
0.1;16;1038;1041
0.1;154;915;912
0.09;97;993;992
0.09;20;1055;1054
0.09;14;1054;1052
0.09;44;1040;1038
0.09;22;1049;1051
0.09;8;1053;1049
0.09;37;1073;1075
0.09;18;1057;1056
0.09;21;1055;1057
0.09;16;1064;1071
0.09;170;916;915
0.09;98;995;994
0.09;61;1000;999
0.09;23;1020;1017
0.09;23;1059;1058
0.09;40;1010;1008
0.09;17;1022;1023
0.09;103;972;969
0.09;17;1060;1061
0.09;36;1018;1020
0.09;67;1027;1031
0.09;22;1051;1049
0.09;22;1045;1044
0.09;113;963;966
0.09;739;323;323
0.09;173;918;919
0.09;18;1035;1038
0.09;28;1005;1004
0.09;23;1038;1035
0.09;25;1065;1062
0.09;26;1067;1066
0.09;67;1016;1019
0.09;223;850;852
0.09;24;1061;1062
0.09;89;966;965
0.09;119;996;997
0.09;9;1058;1057
0.09;13;952;951
0.09;19;1060;1059
0.09;61;1013;1012
0.09;21;1074;1073
0.09;98;990;991
0.09;26;1058;1057
0.09;18;1038;1035
0.09;19;1071;1072
0.09;21;992;988
0.09;26;1076;1074
0.09;19;1066;1070
0.09;19;1055;1057
0.09;25;1035;1037
0.09;57;1040;1042
0.09;21;1035;1033
0.09;8;1033;1032
0.09;11;1047;1045
0.09;166;916;911
0.09;19;1055;1053
0.09;25;1064;1063
0.09;26;965;962
0.09;25;1061;1059
0.09;65;1025;1027
0.09;45;1002;1001
0.09;20;993;994
0.09;20;1079;1084
0.09;249;827;825
0.09;24;1062;1064
0.09;50;1019;1017
0.09;20;1063;1065
0.09;20;1025;1029
0.09;16;1037;1035
0.09;35;972;974
0.09;26;1022;1024
0.09;15;1052;1049
0.09;24;1023;1024
0.09;96;982;979
0.09;754;321;321
0.09;92;969;972
0.09;57;1005;1007
0.09;20;1038;1036
0.09;134;956;957
0.09;18;1063;1060
0.09;29;1052;1055
0.09;88;1003;999
0.09;198;894;893
0.09;20;959;958
0.09;81;1005;1002
0.09;47;1036;1038
0.09;24;1004;1001
0.09;14;1041;1043
0.09;172;909;906
0.09;24;1054;1053
0.09;13;988;986
0.09;49;960;957
0.09;48;1004;1003
0.09;80;924;922
0.09;99;963;959
0.09;41;1038;1036
0.09;44;970;972
0.09;22;1029;1032
0.09;20;1038;1035
0.09;67;1006;1007
0.08;766;327;327
0.08;760;318;318
0.08;53;968;966
0.08;28;1034;1035
0.08;17;1030;1026
0.08;55;1034;1032
0.08;20;1049;1048
0.08;23;1045;1042
0.08;14;1060;1057
0.08;83;1021;1017
0.08;15;1030;1032
0.08;32;1026;1025
0.08;20;1048;1051
0.08;22;1025;1028
0.08;25;1054;1057
0.08;29;1060;1059
0.08;14;1042;1039
0.08;41;982;981
0.08;20;962;962
0.08;33;1046;1042
0.08;761;323;323
0.08;18;1028;1030
0.08;128;955;954
0.08;18;1063;1059
0.08;171;914;913
0.08;15;1069;1071
0.08;15;1043;1041
0.08;25;1050;1048
0.08;28;1050;1049
0.08;24;1055;1052
0.08;59;1030;1033
0.08;33;956;959
0.08;16;1045;1041
0.08;17;1038;1041
0.08;28;1042;1041
0.08;15;1037;1035
0.08;24;1042;1043
0.08;17;1040;1035
0.08;39;1044;1043
0.08;24;1063;1061
0.08;22;1054;1053
0.08;17;1031;1033
0.08;179;893;891
0.08;73;1011;1008
0.08;17;1032;1030
0.08;16;1041;1043
0.08;91;1016;1018
0.08;30;1046;1048
0.08;15;1070;1069
0.08;22;1063;1059
0.08;151;927;928
0.08;16;1055;1052
0.08;16;1043;1045
0.08;133;940;939
0.08;22;1045;1048
0.08;24;1063;1060
0.08;85;973;974
0.08;23;1047;1043
0.08;82;994;998
0.08;16;1002;1001
0.08;16;979;978
0.08;20;990;992
0.08;19;1054;1055
0.08;9;1038;1036
0.08;20;1040;1038
0.08;19;1050;1049
0.08;25;1030;1028
0.08;105;974;974
0.08;12;988;987
0.08;21;1048;1047
0.08;31;1065;1066
0.08;24;1044;1043
0.08;20;1068;1071
0.08;25;1058;1055
0.08;22;1062;1060
0.08;27;1046;1050
0.08;15;1036;1032
0.08;14;1068;1066
0.08;20;1043;1041
0.08;27;1055;1054
0.08;92;1022;1019
0.08;29;1054;1053
0.08;19;994;995
0.08;23;1031;1033
0.08;22;1051;1053
0.08;99;964;963
0.08;76;999;1001
0.08;18;1032;1029
0.08;23;1008;1006
0.08;22;1038;1040
0.08;16;1035;1036
0.08;24;1022;1021
0.08;14;1052;1050
0.08;40;1021;1020
0.08;32;982;984
0.08;87;972;970
0.08;25;1042;1040
0.08;38;1034;1033
0.08;22;1054;1056
0.08;23;1054;1057