0.5;-[0]23;-645
0.5;-[0]41;-577
0.5;-[0]22;-657
0.5;-[0]34;-621
0.5;-[0]33;-606
0.5;-[0]41;-602
0.5;-[0]28;-613
0.5;-[0]35;-642
0.5;-[0]22;-680
0.5;-[0]27;-621
0.5;-[0]43;-663
0.5;-[0]28;-641
0.5;-[0]21;-653
0.5;-[0]24;-607
0.5;-[0]40;-643
0.5;-[0]31;-577
0.5;-[0]27;-674
0.5;-[0]24;-626
0.5;-[0]22;-643
0.5;-[0]30;-573
0.5;-[0]29;-617
0.5;-[0]38;-609
0.5;-[0]20;-624
0.5;-[0]37;-579
0.5;-[0]40;-500
0.5;-[0]33;-663
0.5;-[0]37;-592
0.5;-[0]22;-635
0.5;-[0]26;-638
0.5;-[0]36;-573
0.5;-[0]32;-554
0.5;-[0]33;-652
0.5;-[0]17;-598
0.5;-[0]28;-590
0.5;-[0]21;-640
0.5;-[0]24;-661
0.5;-[0]29;-553
0.5;-[0]28;-634
0.5;-[0]28;-624
0.5;-[0]36;-588
0.5;-[0]38;-560
0.5;-[0]28;-599
0.5;-[0]25;-622
0.5;-[0]27;-606
0.5;-[0]23;-659
0.5;-[0]20;-621
0.5;-[0]25;-664
0.5;-[0]27;-645
0.5;-[0]31;-584
0.5;-[0]33;-620
0.5;-[0]25;-628
0.5;-[0]19;-622
0.5;-[0]19;-606
0.5;-[0]43;-561
0.5;-[0]33;-591
0.5;-[0]23;-628
0.5;-[0]10;-682
0.5;-[0]28;-660
0.5;-[0]18;-536
0.5;-[0]16;-625
0.5;-[0]43;-580
0.5;-[0]38;-649
0.5;-[0]28;-666
0.5;-[0]34;-609
0.5;-[0]20;-620
0.5;-[0]43;-649
0.5;-[0]21;-640
0.5;-[0]26;-611
0.5;-[0]33;-603
0.5;-[0]25;-685
0.5;-[0]21;-593
0.5;-[0]28;-597
0.5;-[0]34;-530
0.5;-[0]23;-605
0.5;-[0]32;-555
0.5;-[0]34;-619
0.5;-[0]25;-648
0.5;-[0]29;-584
0.5;-[0]42;-597
0.5;-[0]37;-584
0.5;-[0]24;-652
0.5;-[0]27;-597
0.5;-[0]38;-635
0.5;-[0]26;-617
0.5;-[0]40;-625
0.5;-[0]30;-609
0.5;-[0]38;-591
0.5;-[0]22;-666
0.5;-[0]19;-659
0.5;-[0]42;-598
0.5;-[0]28;-672
0.5;-[0]39;-591
0.5;-[0]33;-500
0.5;-[0]30;-521
0.5;-[0]28;-627
0.5;-[0]31;-625
0.5;-[0]25;-583
0.5;-[0]25;-582
0.5;-[0]30;-594
0.5;-[0]32;-614
0.1;-[0]23;-533
0.1;-[0]41;-339
0.1;-[0]22;-522
0.1;-[0]34;-433
0.1;-[0]33;-398
0.1;-[0]41;-367
0.1;-[0]28;-434
0.1;-[0]35;-434
0.1;-[0]22;-446
0.1;-[0]27;-437
0.1;-[0]43;-457
0.1;-[0]28;-445
0.1;-[0]21;-456
0.1;-[0]24;-377
0.1;-[0]40;-450
0.1;-[0]31;-335
0.1;-[0]27;-492
0.1;-[0]24;-435
0.1;-[0]22;-449
0.1;-[0]30;-333
0.1;-[0]29;-403
0.1;-[0]38;-360
0.1;-[0]20;-452
0.1;-[0]37;-306
0.1;-[0]40;-208
0.1;-[0]33;-459
0.1;-[0]37;-352
0.1;-[0]22;-478
0.1;-[0]26;-418
0.1;-[0]36;-346
0.1;-[0]32;-245
0.1;-[0]33;-448
0.1;-[0]17;-418
0.1;-[0]28;-346
0.1;-[0]21;-465
0.1;-[0]24;-473
0.1;-[0]29;-333
0.1;-[0]28;-410
0.1;-[0]28;-400
0.1;-[0]36;-347
0.1;-[0]38;-301
0.1;-[0]28;-356
0.1;-[0]25;-453
0.1;-[0]27;-402
0.1;-[0]23;-518
0.1;-[0]20;-427
0.1;-[0]25;-520
0.1;-[0]27;-441
0.1;-[0]31;-356
0.1;-[0]33;-372
0.1;-[0]25;-410
0.1;-[0]19;-420
0.1;-[0]19;-415
0.1;-[0]43;-297
0.1;-[0]33;-390
0.1;-[0]23;-408
0.1;-[0]10;-571
0.1;-[0]28;-482
0.1;-[0]18;-312
0.1;-[0]16;-466
0.1;-[0]43;-302
0.1;-[0]38;-430
0.1;-[0]28;-455
0.1;-[0]34;-383
0.1;-[0]20;-440
0.1;-[0]43;-429
0.1;-[0]21;-496
0.1;-[0]26;-389
0.1;-[0]33;-344
0.1;-[0]25;-536
0.1;-[0]21;-349
0.1;-[0]28;-370
0.1;-[0]34;-250
0.1;-[0]23;-403
0.1;-[0]32;-327
0.1;-[0]34;-383
0.1;-[0]25;-438
0.1;-[0]29;-333
0.1;-[0]42;-344
0.1;-[0]37;-348
0.1;-[0]24;-437
0.1;-[0]27;-376
0.1;-[0]38;-428
0.1;-[0]26;-457
0.1;-[0]40;-425
0.1;-[0]30;-391
0.1;-[0]38;-316
0.1;-[0]22;-511
0.1;-[0]19;-467
0.1;-[0]42;-349
0.1;-[0]28;-473
0.1;-[0]39;-363
0.1;-[0]33;-199
0.1;-[0]30;-280
0.1;-[0]28;-414
0.1;-[0]31;-441
0.1;-[0]25;-366
0.1;-[0]25;-334
0.1;-[0]30;-370
0.1;-[0]32;-402
0.09;-[0]23;-518
0.09;-[0]41;-306
0.09;-[0]22;-503
0.09;-[0]34;-407
0.09;-[0]33;-369
0.09;-[0]41;-334
0.09;-[0]28;-409
0.09;-[0]35;-405
0.09;-[0]22;513
0.09;-[0]27;-411
0.09;-[0]43;-429
0.09;-[0]28;-418
0.09;-[0]21;-429
0.09;-[0]24;-345
0.09;-[0]40;-423
0.09;-[0]31;-302
0.09;-[0]27;-467
0.09;-[0]24;-409
0.09;-[0]22;-422
0.09;-[0]30;-300
0.09;-[0]29;-374
0.09;-[0]38;-326
0.09;-[0]20;-428
0.09;-[0]37;-268
0.09;-[0]40;-168
0.09;-[0]33;-430
0.09;-[0]37;-319
0.09;-[0]22;-456
0.09;-[0]26;-387
0.09;-[0]36;-314
0.09;-[0]32;-72
0.09;-[0]33;-420
0.09;-[0]17;-394
0.09;-[0]28;-312
0.09;-[0]21;-441
0.09;-[0]24;-447
0.09;-[0]29;-303
0.09;-[0]28;-379
0.09;-[0]28;-369
0.09;-[0]36;-313
0.09;-[0]38;-265
0.09;-[0]28;-322
0.09;-[0]25;-429
0.09;-[0]27;-373
0.09;-[0]23;-498
0.09;-[0]20;-401
0.09;-[0]25;-500
0.09;-[0]27;-413
0.09;-[0]31;-325
0.09;-[0]33;-334
0.09;-[0]25;-379
0.09;-[0]19;-391
0.09;-[0]19;-388
0.09;-[0]43;-260
0.09;-[0]33;-362
0.09;-[0]23;-377
0.09;-[0]10;-555
0.09;-[0]28;-457
0.09;-[0]18;-281
0.09;-[0]16;-444
0.09;-[0]43;-263
0.09;-[0]38;-399
0.09;-[0]28;-426
0.09;-[0]34;-352
0.09;-[0]20;-415
0.09;-[0]43;-399
0.09;-[0]21;-476
0.09;-[0]26;-358
0.09;-[0]33;-308
0.09;-[0]25;-515
0.09;-[0]21;-315
0.09;-[0]28;-339
0.09;-[0]34;-211
0.09;-[0]23;-374
0.09;-[0]32;-295
0.09;-[0]34;-350
0.09;-[0]25;-409
0.09;-[0]29;-298
0.09;-[0]42;-308
0.09;-[0]37;-315
0.09;-[0]24;-407
0.09;-[0]27;-346
0.09;-[0]38;-399
0.09;-[0]26;-435
0.09;-[0]40;-398
0.09;-[0]30;-361
0.09;-[0]38;-278
0.09;-[0]22;-489
0.09;-[0]19;-441
0.09;-[0]42;-314
0.09;-[0]28;-444
0.09;-[0]39;-332
0.09;-[0]33;-157
0.09;-[0]30;-247
0.09;-[0]28;-385
0.09;-[0]31;-415
0.09;-[0]25;-336
0.09;-[0]25;-299
0.09;-[0]30;-339
0.09;-[0]32;-372
0.08;-[0]23;-498
0.08;-[0]41;-264
0.08;-[0]22;-480
0.08;-[0]34;-374
0.08;-[0]33;-333
0.08;-[0]41;-293
0.08;-[0]28;-378
0.08;-[0]35;-369
0.08;-[0]22;656
0.08;-[0]27;-379
0.08;-[0]43;667
0.08;-[0]28;-384
0.08;-[0]21;-394
0.08;-[0]24;-305
0.08;-[0]40;-390
0.08;-[0]31;-260
0.08;-[0]27;-425
0.08;-[0]24;-376
0.08;-[0]22;-389
0.08;-[0]30;-258
0.08;-[0]29;-337
0.08;-[0]38;-282
0.08;-[0]20;-398
0.08;-[0]37;465
0.08;-[0]40;-117
0.08;-[0]33;-393
0.08;-[0]37;-277
0.08;-[0]22;-429
0.08;-[0]26;-347
0.08;-[0]36;-275
0.08;-[0]32;495
0.08;-[0]33;-385
0.08;-[0]17;-362
0.08;-[0]28;414
0.08;-[0]21;-411
0.08;-[0]24;-414
0.08;-[0]29;-265
0.08;-[0]28;-332
0.08;-[0]28;-330
0.08;-[0]36;-271
0.08;-[0]38;-220
0.08;-[0]28;-268
0.08;-[0]25;-400
0.08;-[0]27;-338
0.08;-[0]23;-474
0.08;-[0]20;-367
0.08;-[0]25;-475
0.08;-[0]27;-378
0.08;-[0]31;-285
0.08;-[0]33;475
0.08;-[0]25;-331
0.08;-[0]19;-356
0.08;-[0]19;-355
0.08;-[0]43;-215
0.08;-[0]33;-327
0.08;-[0]23;-339
0.08;-[0]10;-536
0.08;-[0]28;-426
0.08;-[0]18;-242
0.08;-[0]16;-417
0.08;-[0]43;457
0.08;-[0]38;-361
0.08;-[0]28;-376
0.08;-[0]34;-309
0.08;-[0]20;-383
0.08;-[0]43;-341
0.08;-[0]21;-451
0.08;-[0]26;-319
0.08;-[0]33;487
0.08;-[0]25;-489
0.08;-[0]21;-267
0.08;-[0]28;-299
0.08;-[0]34;-152
0.08;-[0]23;-339
0.08;-[0]32;-256
0.08;-[0]34;-297
0.08;-[0]25;-358
0.08;-[0]29;392
0.08;-[0]42;-248
0.08;-[0]37;-274
0.08;-[0]24;-354
0.08;-[0]27;-307
0.08;-[0]38;-363
0.08;-[0]26;-407
0.08;-[0]40;-363
0.08;-[0]30;-323
0.08;-[0]38;427
0.08;-[0]22;-463
0.08;-[0]19;-407
0.08;-[0]42;5
0.08;-[0]28;-389
0.08;-[0]39;-292
0.08;-[0]33;-75
0.08;-[0]30;-205
0.08;-[0]28;-348
0.08;-[0]31;-383
0.08;-[0]25;-298
0.08;-[0]25;-254
0.08;-[0]30;-300
0.08;-[0]32;-336
0.07;-[0]23;-473
0.07;-[0]22;-450
0.07;-[0]34;-332
0.07;-[0]33;-287
0.07;-[0]41;473
0.07;-[0]28;-338
0.07;-[0]35;-303
0.07;-[0]22;581
0.07;-[0]27;-338
0.07;-[0]43;409
0.07;-[0]28;-338
0.07;-[0]21;-268
0.07;-[0]24;-246
0.07;-[0]40;-347
0.07;-[0]31;446
0.07;-[0]27;371
0.07;-[0]24;-333
0.07;-[0]22;-302
0.07;-[0]30;-131
0.07;-[0]29;-289
0.07;-[0]38;485
0.07;-[0]20;-360
0.07;-[0]37;552
0.07;-[0]40;548
0.07;-[0]33;413
0.07;-[0]37;-124
0.07;-[0]22;-394
0.07;-[0]26;436
0.07;-[0]36;-224
0.07;-[0]32;576
0.07;-[0]33;349
0.07;-[0]17;-322
0.07;-[0]28;505
0.07;-[0]21;-372
0.07;-[0]24;-370
0.07;-[0]29;-216
0.07;-[0]28;476
0.07;-[0]28;494
0.07;-[0]36;485
0.07;-[0]38;504
0.07;-[0]28;484
0.07;-[0]25;-362
0.07;-[0]27;-291
0.07;-[0]23;-442
0.07;-[0]20;-324
0.07;-[0]25;-443
0.07;-[0]27;-308
0.07;-[0]31;-235
0.07;-[0]33;513
0.07;-[0]25;453
0.07;-[0]19;-307
0.07;-[0]19;-312
0.07;-[0]43;560
0.07;-[0]33;-282
0.07;-[0]23;488
0.07;-[0]10;-511
0.07;-[0]28;-387
0.07;-[0]18;-192
0.07;-[0]16;-381
0.07;-[0]43;555
0.07;-[0]38;442
0.07;-[0]28;407
0.07;-[0]34;448
0.07;-[0]20;-343
0.07;-[0]43;396
0.07;-[0]21;-419
0.07;-[0]26;-239
0.07;-[0]33;501
0.07;-[0]25;-448
0.07;-[0]21;502
0.07;-[0]28;-245
0.07;-[0]34;514
0.07;-[0]23;-292
0.07;-[0]32;-205
0.07;-[0]34;433
0.07;-[0]25;439
0.07;-[0]29;482
0.07;-[0]42;556
0.07;-[0]37;-207
0.07;-[0]24;446
0.07;-[0]27;-242
0.07;-[0]38;-317
0.07;-[0]26;-372
0.07;-[0]40;-319
0.07;-[0]30;-261
0.07;-[0]38;531
0.07;-[0]22;-428
0.07;-[0]19;371
0.07;-[0]42;523
0.07;-[0]28;365
0.07;-[0]39;-227
0.07;-[0]33;564
0.07;-[0]30;-151
0.07;-[0]28;-218
0.07;-[0]31;-342
0.07;-[0]25;-250
0.07;-[0]25;435
0.07;-[0]30;451
0.07;-[0]32;-288
0.06;-[0]23;-440
0.06;-[0]41;526
0.06;-[0]22;-410
0.06;-[0]34;442
0.06;-[0]33;499
0.06;-[0]41;517
0.06;-[0]28;-282
0.06;-[0]35;485
0.06;-[0]22;794
0.06;-[0]27;451
0.06;-[0]43;470
0.06;-[0]28;444
0.06;-[0]21;426
0.06;-[0]24;506
0.06;-[0]40;455
0.06;-[0]31;540
0.06;-[0]27;421
0.06;-[0]24;411
0.06;-[0]22;460
0.06;-[0]30;483
0.06;-[0]29;441
0.06;-[0]38;637
0.06;-[0]20;-308
0.06;-[0]37;607
0.06;-[0]40;649
0.06;-[0]33;532
0.06;-[0]37;546
0.06;-[0]22;-347
0.06;-[0]26;522
0.06;-[0]36;512
0.06;-[0]32;686
0.06;-[0]33;483
0.06;-[0]17;-269
0.06;-[0]28;550
0.06;-[0]21;-302
0.06;-[0]24;424
0.06;-[0]29;-132
0.06;-[0]28;527
0.06;-[0]28;532
0.06;-[0]36;545
0.06;-[0]38;549
0.06;-[0]28;619
0.06;-[0]25;-311
0.06;-[0]27;438
0.06;-[0]23;-400
0.06;-[0]20;430
0.06;-[0]25;-400
0.06;-[0]27;444
0.06;-[0]31;463
0.06;-[0]33;532
0.06;-[0]25;500
0.06;-[0]19;459
0.06;-[0]19;404
0.06;-[0]43;605
0.06;-[0]33;-140
0.06;-[0]23;574
0.06;-[0]10;-478
0.06;-[0]28;416
0.06;-[0]18;-107
0.06;-[0]16;-334
0.06;-[0]43;670
0.06;-[0]38;531
0.06;-[0]28;514
0.06;-[0]34;535
0.06;-[0]20;474
0.06;-[0]43;543
0.06;-[0]21;-376
0.06;-[0]26;495
0.06;-[0]33;548
0.06;-[0]25;488
0.06;-[0]21;504
0.06;-[0]28;551
0.06;-[0]34;596
0.06;-[0]23;418
0.06;-[0]32;491
0.06;-[0]34;508
0.06;-[0]25;521
0.06;-[0]29;540
0.06;-[0]42;558
0.06;-[0]37;525
0.06;-[0]24;440
0.06;-[0]27;486
0.06;-[0]38;482
0.06;-[0]26;-324
0.06;-[0]40;425
0.06;-[0]30;506
0.06;-[0]38;618
0.06;-[0]22;-382
0.06;-[0]19;430
0.06;-[0]42;625
0.06;-[0]28;428
0.06;-[0]39;529
0.06;-[0]33;686
0.06;-[0]30;564
0.06;-[0]28;453
0.06;-[0]31;-257
0.06;-[0]25;473
0.06;-[0]25;561
0.06;-[0]30;499
0.06;-[0]32;449
0.05;-[0]23;-394
0.05;-[0]41;637
0.05;-[0]22;-354
0.05;-[0]34;510
0.05;-[0]33;564
0.05;-[0]41;639
0.05;-[0]28;486
0.05;-[0]35;544
0.05;-[0]22;828
0.05;-[0]27;499
0.05;-[0]43;570
0.05;-[0]28;539
0.05;-[0]21;515
0.05;-[0]24;644
0.05;-[0]40;551
0.05;-[0]31;639
0.05;-[0]27;483
0.05;-[0]24;449
0.05;-[0]22;545
0.05;-[0]30;649
0.05;-[0]29;576
0.05;-[0]38;663
0.05;-[0]20;491
0.05;-[0]37;691
0.05;-[0]40;753
0.05;-[0]33;561
0.05;-[0]37;618
0.05;-[0]22;443
0.05;-[0]26;592
0.05;-[0]36;608
0.05;-[0]32;845
0.05;-[0]33;568
0.05;-[0]17;508
0.05;-[0]28;653
0.05;-[0]21;479
0.05;-[0]24;518
0.05;-[0]29;603
0.05;-[0]28;594
0.05;-[0]28;604
0.05;-[0]36;675
0.05;-[0]38;687
0.05;-[0]28;664
0.05;-[0]25;493
0.05;-[0]27;529
0.05;-[0]23;-328
0.05;-[0]20;513
0.05;-[0]25;-312
0.05;-[0]27;535
0.05;-[0]31;578
0.05;-[0]33;675
0.05;-[0]25;599
0.05;-[0]19;557
0.05;-[0]19;502
0.05;-[0]43;700
0.05;-[0]33;526
0.05;-[0]23;619
0.05;-[0]10;-430
0.05;-[0]28;448
0.05;-[0]18;576
0.05;-[0]16;436
0.05;-[0]43;718
0.05;-[0]38;694
0.05;-[0]28;534
0.05;-[0]34;651
0.05;-[0]20;495
0.05;-[0]43;607
0.05;-[0]21;-298
0.05;-[0]26;591
0.05;-[0]33;658
0.05;-[0]25;487
0.05;-[0]21;652
0.05;-[0]28;625
0.05;-[0]34;708
0.05;-[0]23;482
0.05;-[0]32;594
0.05;-[0]34;594
0.05;-[0]25;561
0.05;-[0]29;633
0.05;-[0]42;677
0.05;-[0]37;660
0.05;-[0]24;582
0.05;-[0]27;602
0.05;-[0]38;544
0.05;-[0]26;-228
0.05;-[0]40;512
0.05;-[0]30;611
0.05;-[0]38;751
0.05;-[0]22;431
0.05;-[0]19;512
0.05;-[0]42;717
0.05;-[0]28;559
0.05;-[0]39;636
0.05;-[0]33;813
0.05;-[0]30;629
0.05;-[0]28;550
0.05;-[0]31;427
0.05;-[0]25;553
0.05;-[0]25;679
0.05;-[0]30;599
0.05;-[0]32;567
0.04;-[0]29;751
0.04;-[0]36;852
0.04;-[0]31;846
0.04;-[0]46;862
0.04;-[0]24;993
0.04;-[0]8;-442
0.04;-[0]24;576
0.04;-[0]34;682
0.04;-[0]20;784
0.04;-[0]29;824
0.04;-[0]27;801
0.04;-[0]21;568
0.04;-[0]32;595
0.04;-[0]9;419
0.04;-[0]29;706
0.04;-[0]34;841
0.04;-[0]31;748
0.04;-[0]44;890
0.04;-[0]40;1039
0.04;-[0]29;638
0.04;-[0]31;777
0.04;-[0]22;676
0.04;-[0]24;848
0.04;-[0]26;838
0.04;-[0]34;884
0.04;-[0]12;763
0.04;-[0]25;470
0.04;-[0]19;677
0.04;-[0]31;962
0.04;-[0]31;685
0.04;-[0]23;512
0.04;-[0]28;791
0.04;-[0]14;698
0.04;-[0]25;807
0.04;-[0]19;1091
0.04;-[0]29;762
0.04;-[0]31;717
0.04;-[0]21;768
0.04;-[0]36;821
0.04;-[0]28;634
0.04;-[0]31;778
0.04;-[0]25;954
0.04;-[0]43;761
0.04;-[0]48;1026
0.04;-[0]44;919
0.04;-[0]14;488
0.04;-[0]25;679
0.04;-[0]21;515
0.04;-[0]8;-411
0.04;-[0]32;757
0.04;-[0]40;777
0.04;-[0]36;698
0.04;-[0]30;584
0.04;-[0]29;653
0.04;-[0]17;451
0.04;-[0]23;730
0.04;-[0]21;607
0.04;-[0]32;744
0.04;-[0]41;682
0.04;-[0]21;550
0.04;-[0]34;783
0.04;-[0]11;419
0.04;-[0]34;851
0.04;-[0]29;808
0.04;-[0]34;784
0.04;-[0]17;576
0.04;-[0]32;678
0.04;-[0]37;682
0.04;-[0]31;625
0.04;-[0]30;587
0.04;-[0]30;688
0.04;-[0]30;798
0.04;-[0]25;567
0.04;-[0]17;454
0.04;-[0]31;657
0.04;-[0]26;650
0.04;-[0]13;-408
0.04;-[0]17;538
0.04;-[0]30;821
0.04;-[0]30;659
0.04;-[0]29;678
0.04;-[0]32;789
0.04;-[0]28;387
0.04;-[0]31;824
0.04;-[0]35;725
0.04;-[0]19;677
0.04;-[0]29;708
0.04;-[0]23;570
0.04;-[0]37;909
0.04;-[0]30;736
0.04;-[0]20;792
0.04;-[0]30;739
0.04;-[0]36;890
0.04;-[0]27;718
0.04;-[0]33;653
0.04;-[0]30;822
0.04;-[0]27;582
0.04;-[0]35;670
0.04;-[0]34;724
0.04;-[0]28;717
0.03;-[0]29;998
0.03;-[0]36;1058
0.03;-[0]31;1040
0.03;-[0]46;1169
0.03;-[0]24;1334
0.03;-[0]8;-383
0.03;-[0]24;834
0.03;-[0]34;889
0.03;-[0]20;979
0.03;-[0]29;1079
0.03;-[0]27;1024
0.03;-[0]21;793
0.03;-[0]32;784
0.03;-[0]9;569
0.03;-[0]29;896
0.03;-[0]34;1099
0.03;-[0]31;947
0.03;-[0]44;1199
0.03;-[0]40;1365
0.03;-[0]29;782
0.03;-[0]31;1009
0.03;-[0]22;824
0.03;-[0]24;1184
0.03;-[0]26;1078
0.03;-[0]34;1175
0.03;-[0]12;871
0.03;-[0]25;639
0.03;-[0]19;791
0.03;-[0]31;1241
0.03;-[0]31;955
0.03;-[0]23;724
0.03;-[0]28;1069
0.03;-[0]14;897
0.03;-[0]25;979
0.03;-[0]19;1292
0.03;-[0]29;1038
0.03;-[0]31;923
0.03;-[0]21;1012
0.03;-[0]36;1096
0.03;-[0]28;888
0.03;-[0]31;1070
0.03;-[0]25;1059
0.03;-[0]43;931
0.03;-[0]48;1345
0.03;-[0]44;1201
0.03;-[0]14;524
0.03;-[0]25;927
0.03;-[0]21;708
0.03;-[0]8;-355
0.03;-[0]32;959
0.03;-[0]40;1007
0.03;-[0]36;979
0.03;-[0]30;767
0.03;-[0]29;907
0.03;-[0]17;531
0.03;-[0]23;947
0.03;-[0]21;830
0.03;-[0]32;950
0.03;-[0]41;978
0.03;-[0]21;687
0.03;-[0]34;972
0.03;-[0]11;601
0.03;-[0]34;1113
0.03;-[0]29;1061
0.03;-[0]34;1049
0.03;-[0]17;685
0.03;-[0]32;892
0.03;-[0]37;950
0.03;-[0]31;791
0.03;-[0]30;739
0.03;-[0]30;907
0.03;-[0]30;1020
0.03;-[0]25;728
0.03;-[0]17;575
0.03;-[0]31;788
0.03;-[0]26;894
0.03;-[0]13;-343
0.03;-[0]17;647
0.03;-[0]30;1080
0.03;-[0]30;883
0.03;-[0]29;908
0.03;-[0]32;1004
0.03;-[0]28;588
0.03;-[0]31;1146
0.03;-[0]35;991
0.03;-[0]19;926
0.03;-[0]29;899
0.03;-[0]23;741
0.03;-[0]37;1147
0.03;-[0]30;991
0.03;-[0]20;1006
0.03;-[0]30;928
0.03;-[0]36;1159
0.03;-[0]27;997
0.03;-[0]33;852
0.03;-[0]30;1080
0.03;-[0]27;732
0.03;-[0]35;910
0.03;-[0]34;955
0.03;-[0]28;988
0.02;-[0]29;1427
0.02;-[0]36;1577
0.02;-[0]31;1500
0.02;-[0]46;1753
0.02;-[0]24;1911
0.02;-[0]8;419
0.02;-[0]24;1171
0.02;-[0]34;1274
0.02;-[0]20;1460
0.02;-[0]29;1614
0.02;-[0]27;1498
0.02;-[0]21;1135
0.02;-[0]32;1145
0.02;-[0]9;812
0.02;-[0]29;1364
0.02;-[0]34;1612
0.02;-[0]31;1416
0.02;-[0]44;1770
0.02;-[0]40;2101
0.02;-[0]29;1170
0.02;-[0]31;1391
0.02;-[0]22;1239
0.02;-[0]24;1484
0.02;-[0]26;1580
0.02;-[0]34;1721
0.02;-[0]12;1200
0.02;-[0]25;842
0.02;-[0]19;1071
0.02;-[0]31;1834
0.02;-[0]31;1428
0.02;-[0]23;1077
0.02;-[0]28;1513
0.02;-[0]14;1053
0.02;-[0]25;1493
0.02;-[0]19;1716
0.02;-[0]29;1496
0.02;-[0]31;1388
0.02;-[0]21;1452
0.02;-[0]36;1542
0.02;-[0]28;1329
0.02;-[0]31;1591
0.02;-[0]25;1466
0.02;-[0]43;1360
0.02;-[0]48;2061
0.02;-[0]44;1760
0.02;-[0]14;777
0.02;-[0]25;1350
0.02;-[0]21;1017
0.02;-[0]8;-242
0.02;-[0]32;1396
0.02;-[0]40;1428
0.02;-[0]36;1450
0.02;-[0]30;1202
0.02;-[0]29;1200
0.02;-[0]17;853
0.02;-[0]23;1403
0.02;-[0]21;1203
0.02;-[0]32;1433
0.02;-[0]41;1446
0.02;-[0]21;1023
0.02;-[0]34;1479
0.02;-[0]11;831
0.02;-[0]34;1691
0.02;-[0]29;1577
0.02;-[0]34;1544
0.02;-[0]17;954
0.02;-[0]32;1292
0.02;-[0]37;1396
0.02;-[0]31;1166
0.02;-[0]30;1114
0.02;-[0]30;1357
0.02;-[0]30;1420
0.02;-[0]25;1116
0.02;-[0]17;750
0.02;-[0]31;1246
0.02;-[0]26;1264
0.02;-[0]13;419
0.02;-[0]17;986
0.02;-[0]30;1595
0.02;-[0]30;1328
0.02;-[0]29;1351
0.02;-[0]32;1599
0.02;-[0]28;853
0.02;-[0]31;1623
0.02;-[0]35;1422
0.02;-[0]19;1291
0.02;-[0]29;1353
0.02;-[0]23;1122
0.02;-[0]37;1730
0.02;-[0]30;1389
0.02;-[0]20;1450
0.02;-[0]30;1375
0.02;-[0]36;1771
0.02;-[0]27;1411
0.02;-[0]33;1333
0.02;-[0]30;1684
0.02;-[0]27;1120
0.02;-[0]35;1283
0.02;-[0]34;1421
0.02;-[0]28;1479
0.01;-[0]29;2839
0.01;-[0]36;3060
0.01;-[0]31;2510
0.01;-[0]46;3505
0.01;-[0]24;3875
0.01;-[0]8;767
0.01;-[0]24;2279
0.01;-[0]34;2525
0.01;-[0]20;2829
0.01;-[0]29;3226
0.01;-[0]27;3008
0.01;-[0]21;2225
0.01;-[0]32;2205
0.01;-[0]9;1503
0.01;-[0]29;2690
0.01;-[0]34;3171
0.01;-[0]31;2780
0.01;-[0]44;3547
0.01;-[0]40;4074
0.01;-[0]29;2377
0.01;-[0]31;2746
0.01;-[0]22;2481
0.01;-[0]24;2852
0.01;-[0]26;3058
0.01;-[0]34;3394
0.01;-[0]12;2179
0.01;-[0]25;1700
0.01;-[0]19;2040
0.01;-[0]31;3656
0.01;-[0]31;2821
0.01;-[0]23;2070
0.01;-[0]28;3065
0.01;-[0]14;2055
0.01;-[0]25;2973
0.01;-[0]19;2899
0.01;-[0]29;2986
0.01;-[0]31;2713
0.01;-[0]21;2834
0.01;-[0]36;3054
0.01;-[0]28;2552
0.01;-[0]31;3059
0.01;-[0]25;2808
0.01;-[0]43;2694
0.01;-[0]48;4063
0.01;-[0]44;3529
0.01;-[0]14;1506
0.01;-[0]25;2668
0.01;-[0]21;2032
0.01;-[0]8;721
0.01;-[0]32;2867
0.01;-[0]40;2877
0.01;-[0]36;2778
0.01;-[0]30;2286
0.01;-[0]29;2511
0.01;-[0]17;1653
0.01;-[0]23;2812
0.01;-[0]21;2354
0.01;-[0]32;2758
0.01;-[0]41;2841
0.01;-[0]21;1996
0.01;-[0]34;2887
0.01;-[0]11;1581
0.01;-[0]34;3353
0.01;-[0]29;3137
0.01;-[0]34;3104
0.01;-[0]17;1699
0.01;-[0]32;2494
0.01;-[0]37;2720
0.01;-[0]31;2284
0.01;-[0]30;2186
0.01;-[0]30;2623
0.01;-[0]30;2884
0.01;-[0]25;2130
0.01;-[0]17;1604
0.01;-[0]31;2485
0.01;-[0]26;2485
0.01;-[0]13;843
0.01;-[0]17;2012
0.01;-[0]30;3133
0.01;-[0]30;2584
0.01;-[0]29;2625
0.01;-[0]32;3042
0.01;-[0]28;1748
0.01;-[0]31;3240
0.01;-[0]35;2887
0.01;-[0]19;2611
0.01;-[0]29;2648
0.01;-[0]23;2271
0.01;-[0]37;3377
0.01;-[0]30;2711
0.01;-[0]20;2798
0.01;-[0]30;2639
0.01;-[0]36;3439
0.01;-[0]27;2893
0.01;-[0]33;2504
0.01;-[0]30;3203
0.01;-[0]27;2174
0.01;-[0]35;2534
0.01;-[0]34;2824
0.01;-[0]28;2858
