2
-[0]12
[0]14
[0]16
[0]18
[0]20
[0]22
[0]24
[0]26
[0]28
[0]30
[0]32
[0]34
[0]36
[0]38
[0]40
[0]42
[0]44
[0]46
[0]48
[0]50
[0]52
[0]53
[1]13
[0]55
[0]56
[2]13
[1]15
[2]14
[0]60
[0]61
[0]62
[0]63
[0]64
[2]17
[1]19
[0]67
[0]68
[0]69
[1]21
[0]71
[0]72
[0]73
[1]23
[0]75
[0]76
[1]25
[2]23
[1]26
[0]80
[0]81
[0]82
[0]83
[1]29
[2]26
[0]86
[0]87
[1]31
[2]28
[0]90
[0]91
[2]30
[1]33
[0]94
[0]95
[1]35
[2]32
[0]98
[0]99
[0]100
[2]35
[1]37
[0]103
[0]104
[0]105
[1]39
[2]38
[0]108
[1]41
[2]39
[0]111
[1]43
[0]113
[1]44
[2]41
[0]116
[0]117
[2]43
[1]46
[2]44
[0]121
[1]48
[0]123
[0]124
[0]125
[1]50
[2]47
[0]128
[0]129
[0]130
