1
-[0]12
[0]14
[0]16
[0]18
[0]20
[0]22
[0]23
[0]24
[0]25
[1]14
[0]27
[0]28
[0]29
[1]16
[2]15
[0]32
[0]33
[0]34
[1]18
[0]36
[0]37
[2]19
[1]20
[0]40
[0]41
[2]21
[0]43
[0]44
[1]23
[0]46
[0]47
[0]48
[0]49
[0]50
[0]51
[1]26
[2]27
[0]54
[0]55
[1]28
[0]57
[0]58
[2]30
[0]60
[0]61
[2]32
[0]63
[1]32
[0]65
[0]66
[2]34
[1]34
[0]69
[0]70
[2]36
[0]72
[2]37
[1]37
[0]75
[0]76
[0]77
[2]39
[0]79
[0]80
[1]41
[2]41
[0]83
[0]84
[0]85
[0]86
[0]87
[1]45
[0]89
[0]90
[0]91
[1]47
[0]93
[0]94
[1]49
[0]96
[2]48
[0]98
[0]99
[0]100
