17
[15]1
[3]1
[7]1
[5]1
[8]2
[19]2
[12]2
[13]2
[18]2
[10]2
[11]2
[16]1
[15]2
[1]2
[10]3
[15]3
[16]2
[0]3
[8]3
[9]3
[7]3
[3]3
[18]3
[4]3
[1]3
[11]3
[17]3
[5]3
[2]3
[14]3
[12]3
[13]4
[15]4
[7]4
[8]4
[9]4
[16]3
[10]4
[6]3
[11]4
[17]4
[3]4
[4]4
[19]4
[0]4
[5]4
[1]4
[12]4
[14]4
[2]4
[15]5
[9]5
[7]5
[16]4
[10]5
[6]4
[17]5
[13]5
[11]5
[8]5
[18]4
[3]5
[5]5
[4]5
[1]5
[14]5
[12]5
[2]5
[19]5
[15]6
[16]5
[10]6
[0]5
[8]6
[6]5
[17]6
[13]6
[11]6
[9]6
[14]6
[7]6
[18]5
[3]6
[1]6
[5]6
[2]6
[19]6
[12]6
[15]7
[8]7
[17]7
[0]6
[16]6
[6]6
[11]7
[10]7
[4]6
[18]6
[14]7
[5]7
[3]7
[13]7
[12]7
[15]8
[7]7
[8]8
[9]7
[16]7
[19]7
[6]7
[17]8
[0]7
[11]8
[10]8
[2]7
[14]8
[1]7
[4]7
[18]7
[3]8
[12]8
[7]8
[8]9
[16]8
[19]8
[6]8
[0]8
[9]8
[17]9
[5]8
[2]8
[4]8
[11]9
[14]9
[12]9
[10]9
[18]8
[15]9
[1]8
[13]8
[3]9
[8]10
[7]9
[19]9
[6]9
[0]9
[4]9
[5]9
[17]10
[12]10
[18]9
[1]9
[9]9
[15]10
[14]10
[10]10
[3]10
[13]9
[8]11
[19]10
[16]9
[7]10
[6]10
[4]10
[17]11
[5]10
[0]10
[18]10
[1]10
[3]11
[11]10
[8]12
[12]11
[14]11
[9]10
[15]11
[10]11
[7]11
[4]11
[17]12
[13]10
[16]10
[0]11
[19]11
[5]11
[3]12
[6]11
[2]9
[1]11
[11]11
[8]13
[18]11
[12]12
[14]12
[9]11
[17]13
[16]11
[7]12
[13]11
[5]12
[19]12
[4]12
[10]12
[0]12
[2]10
[15]12
[3]13
[6]12
[12]13
[18]12
[14]13
[8]14
[11]12
[9]12
[17]14
[19]13
[5]13
[4]13
[10]13
[13]12
[1]12
[7]13
[0]13
[16]12
[6]13
[12]14
[18]13
[3]14
[15]13
[11]13
[2]11
[8]15
[17]15
[1]13
[4]14
[7]14
[9]13
[13]13
[10]14
[0]14
[12]15
[16]13
[3]15
[18]14
[5]14
[14]14
[15]14
[2]12
[6]14
[17]16
[11]14
[4]15
[7]15
[9]14
[8]16
[19]14
[0]15
[1]14
[13]14
[10]15
[5]15
[18]15
[15]15
[16]14
[2]13
[3]16
[14]15
[7]16
[12]16
[6]15
[9]15
[4]16
[8]17
[19]15
[11]15
[5]16
[10]16
[1]15
[2]14
[0]16
[15]16
[3]17
[17]17
[14]16
[13]15
[7]17
[16]15
[6]16
[9]16
[11]16
[19]16
[4]17
[1]16
[12]17
[2]15
[18]16
[8]18
[0]17
[14]17
[13]16
[17]18
[3]18
[15]17
[7]18
[6]17
[10]17
[16]16
[11]17
[5]17
[9]17
[18]17
[2]16
[8]19
[3]19
[17]19
[0]18
[12]18
[19]17
[14]18
[15]18
[16]17
[13]17
[7]19
[11]18
[10]18
[6]18
[2]17
[9]18
[1]17
[17]20
[12]19
[4]18
[5]18
[14]19
[0]19
[19]18
[15]19
[8]20
[6]19
[7]20
[10]19
[16]18
[3]20
[18]18
[9]19
[1]18
[5]19
[4]19
[14]20
[2]18
[12]20
[0]20
[13]18
[11]19
[6]20
[7]21
[17]21
[8]21
[15]20
[10]20
[9]20
[3]21
[16]19
[1]19
[5]20
[2]19
[14]21
[12]21
[13]19
[7]22
[6]21
[18]19
[19]19
[17]22
[9]21
[0]21
[11]20
[10]21
[8]22
[4]20
[3]22
[1]20
[16]20
[15]21
[5]21
[13]20
[12]22
[6]22
[2]20
[7]23
[0]22
[18]20
[14]22
[9]22
[19]20
[10]22
[4]21
[1]21
[16]21
[17]23
[3]23
[15]22
[2]21
[5]22
[11]21
[8]23
[0]23
[7]24
[6]23
[13]21
[14]23
[9]23
[4]22
[19]21
[1]22
[12]23
[16]22
[17]24
[3]24
[10]23
[18]21
[15]23
[5]23
[2]22
[11]22
[7]25
[14]24
[13]22
[4]23
[0]24
[19]22
[17]25
[3]25
[1]23
[10]24
[18]22
[12]24
[5]24
[8]24
[2]23
[9]24
[16]23
[7]26
[11]23
[15]24
[4]24
[14]25
[6]24
[19]23
[13]23
[10]25
[3]26
[5]25
[8]25
[17]26
[16]24
[12]25
[2]24
[0]25
[9]25
[18]23
[7]27
[15]25
[11]24
[4]25
[6]25
[1]24
[19]24
[5]26
[8]26
[17]27
[10]26
[2]25
[16]25
[14]26
[12]26
[0]26
[7]28
[9]26
[3]27
[15]26
[13]24
[4]26
[1]25
[19]25
[11]25
[6]26
[18]24
[5]27
[10]27
[7]29
[17]28
[2]26
[14]27
[9]27
[0]27
[8]27
[12]27
[16]26
[15]27
[3]28
[4]27
[13]25
[1]26
[5]28
[18]25
[19]26
[10]28
[11]26
[6]27
[17]29
[9]28
[2]27
[12]28
[7]30
[0]28
[8]28
[14]28
[4]28
[15]28
[18]26
[19]27
[1]27
[11]27
[16]27
[13]26
[6]28
[3]29
[9]29
[10]29
[17]30
[8]29
[2]28
[7]31
[5]29
[15]29
[4]29
[19]28
[1]28
[14]29
[0]29
[16]28
[9]30
[12]29
[13]27
[17]31
[11]28
[10]30
[3]30
[7]32
[6]29
[2]29
[18]27
[1]29
[8]30
[16]29
[14]30
[9]31
[17]32
[13]28
[11]29
[4]30
[0]30
[5]30
[3]31
[7]33
[6]30
[19]29
[2]30
[10]31
[18]28
[8]31
[16]30
[1]30
[9]32
[12]30
[15]30
[4]31
[7]34
[0]31
[5]31
[13]29
[6]31
[18]29
[2]31
[16]31
[17]33
[14]31
[19]30
[12]31
[1]31
[11]30
[9]33
[3]32
[10]32
[4]32
[7]35
[15]31
[18]30
[16]32
[6]32
[17]34
[14]32
[11]31
[5]32
[9]34
[12]32
[3]33
[4]33
[2]32
[19]31
[0]32
[13]30
[8]32
[15]32
[18]31
[7]36
[10]33
[1]32
[14]33
[11]32
[6]33
[5]33
[0]33
[19]32
[16]33
[9]35
[4]34
[3]34
[12]33
[15]33
[7]37
[2]33
[8]33
[13]31
[17]35
[18]32
[10]34
[14]34
[1]33
[11]33
[6]34
[19]33
[4]35
[12]34
[16]34
[2]34
[5]34
[9]36
[17]36
[0]34
[7]38
[15]34
[13]32
[8]34
[3]35
[1]34
[18]33
[11]34
[14]35
[16]35
[6]35
[5]35
[9]37
[19]34
[12]35
[0]35
[13]33
[17]37
[15]35
[8]35
[1]35
[11]35
[4]36
[7]39
[10]35
[14]36
[3]36
[2]35
[16]36
[6]36
[5]36
[18]34
[17]38
[9]38
[13]34
[19]35
[12]36
[0]36
[8]36
[4]37
[15]36
[14]37
[11]36
[10]36
[7]40
[16]37
[1]36
[3]37
[6]37
[18]35
[2]36
[17]39
[5]37
[19]36
[9]39
[15]37
[12]37
[8]37
[0]37
[13]35
[14]38
[10]37
[11]37
[7]41
[1]37
[3]38
[19]37
[5]38
[16]38
[2]37
[9]40
[4]38
[6]38
[17]40
[15]38
[12]38
[18]36
[13]36
[8]38
[10]38
[0]38
[11]38
[14]39
[1]38
[7]42
[3]39
[19]38
[2]38
[17]41
[9]41
[15]39
[10]39
[8]39
[16]39
[6]39
[18]37
[11]39
[5]39
[14]40
[12]39
[13]37
[4]39
[3]40
[7]43
[9]42
[19]39
[1]39
[0]39
[2]39
[15]40
[10]40
[18]38
[17]42
[16]40
[11]40
[14]41
[6]40
[8]40
[12]40
[13]38
[5]40
[4]40
[1]40
[3]41
[0]40
[2]40
[10]41
[15]41
[18]39
[9]43
[14]42
[7]44
[19]40
[11]41
[17]43
[16]41
[6]41
[13]39
[12]41
[4]41
[5]41
[0]41
[3]42
[8]41
[10]42
[1]41
[2]41
[15]42
[7]45
[18]40
[16]42
[9]44
[14]43
[19]41
[17]44
[12]42
[6]42
[11]42
[13]40
[0]42
[5]42
[3]43
[4]42
[10]43
[2]42
[9]45
[14]44
[18]41
[19]42
[7]46
[1]42
[15]43
[16]43
[6]43
[8]42
[11]43
[12]43
[17]45
[3]44
[13]41
[0]43
[4]43
[10]44
[5]43
[9]46
[19]43
[14]45
[7]47
[1]43
[2]43
[16]44
[6]44
[18]42
[3]45
[15]44
[13]42
[12]44
[0]44
[8]43
[10]45
[11]44
[17]46
[5]44
[9]47
[19]44
[1]44
[6]45
[14]46
[2]44
[18]43
[3]46
[0]45
[12]45
[10]46
[15]45
[13]43
[4]44
[17]47
[5]45
[16]45
[8]44
[11]45
[7]48
[1]45
[19]45
[9]48
[6]46
[14]47
[0]46
[18]44
[13]44
[4]45
[2]45
[3]47
[5]46
[17]48
[8]45
[10]47
[15]46
[7]49
[12]46
[1]46
[16]46
[11]46
[9]49
[0]47
[19]46
[18]45
[4]46
[6]47
[2]46
[3]48
[13]45
[5]47
[8]46
[17]49
[7]50
[15]47
[12]47
[16]47
[10]48
[14]48
[11]47
[9]50
[1]47
[18]46
[0]48
[6]48
[4]47
[3]49
[5]48
[2]47
[19]47
[17]50
[8]47
[16]48
[13]46
[15]48
[10]49
[12]48
[11]48
[1]48
[18]47
[9]51
[7]51
[14]49
[0]49
[3]50
[19]48
[5]49
[17]51
[4]48
[15]49
[16]49
[8]48
[12]49
[6]49
[10]50
[9]52
[18]48
[0]50
[13]47
[14]50
[3]51
[11]49
[4]49
[5]50
[19]49
[15]50
[16]50
[17]52
[2]48
[7]52
[6]50
[8]49
[10]51
[18]49
[0]51
[1]49
[9]53
[12]50
[13]48
[3]52
[4]50
[19]50
[14]51
[5]51
[2]49
[11]50
[6]51
[8]50
[7]53
[15]51
[10]52
[0]52
[18]50
[12]51
[17]53
[4]51
[1]50
[3]53
[9]54
[19]51
[5]52
[6]52
[8]51
[11]51
[10]53
[7]54
[16]51
[13]49
[15]52
[2]50
-[15]1
[18]51
[9]55
[14]52
[12]52
[6]53
[17]54
[4]52
[19]52
[15]53
[16]52
[11]52
[8]52
[13]50
[5]53
[2]51
[1]51
[0]54
[10]54
[9]56
[7]55
[3]54
[6]54
[18]52
[12]53
[16]53
[4]53
[14]53
[19]53
[17]55
[11]53
[5]54
[13]51
[0]55
[8]53
[1]52
[9]57
[7]56
[2]52
[10]55
[4]54
[16]54
[6]55
[19]54
[14]54
[18]53
[3]55
[15]54
[17]56
[5]55
[11]54
[13]52
[1]53
[8]54
[2]53
[10]56
[0]56
[7]57
[9]58
[14]55
[16]55
[18]54
[11]55
[4]55
[6]56
[19]55
[12]54
[5]56
[17]57
[15]55
[3]56
[13]53
[1]54
[8]55
[2]54
[10]57
[7]58
[0]57
[11]56
[4]56
[12]55
[5]57
[18]55
[9]59
[6]57
[15]56
[16]56
[2]55
[1]55
[3]57
[13]54
[10]58
[14]56
[7]59
[8]56
[0]58
[5]58
[19]56
[4]57
[12]56
[9]60
[15]57
[11]57
[6]58
[2]56
[3]58
[13]55
[17]58
[18]56
[1]56
[10]59
[7]60
[16]57
[0]59
[8]57
[19]57
[14]57
[4]58
[9]61
[12]57
[5]59
[11]58
[6]59
[13]56
[15]58
[17]59
[2]57
[16]58
[3]59
[7]61
[8]58
[1]57
[19]58
[18]57
[10]60
[14]58
[4]59
[0]60
[11]59
[9]62
[12]58
[13]57
[5]60
[16]59
[15]59
[6]60
[1]58
[2]58
[18]58
[3]60
[19]59
[7]62
[17]60
[0]61
[10]61
[14]59
[5]61
[9]63
[13]58
[8]59
[11]60
[16]60
[4]60
[12]59
[18]59
[19]60
[7]63
[15]60
[2]59
[0]62
[6]61
[17]61
[14]60
[3]61
[10]62
[11]61
[5]62
[9]64
[18]60
[1]59
[16]61
[13]59
[19]61
[4]61
[2]60
[15]61
[3]62
[17]62
[6]62
[7]64
[14]61
[0]63
[10]63
[11]62
[12]60
[8]60
[9]65
[18]61
[1]60
[16]62
[2]61
[5]63
[13]60
[3]63
[6]63
[19]62
[4]62
[15]62
[11]63
[17]63
[10]64
[0]64
[12]61
[14]62
[8]61
[18]62
[7]65
[9]66
[5]64
[1]61
[2]62
[16]63
[6]64
[3]64
[4]63
[13]61
[0]65
[11]64
[14]63
[12]62
[17]64
[8]62
[10]65
[7]66
[1]62
[6]65
[18]63
[2]63
[15]63
[9]67
[3]65
[19]63
[5]65
[13]62
[17]65
[4]64
[0]66
[8]63
[7]67
[12]63
[1]63
[11]65
[14]64
[18]64
[2]64
[6]66
[3]66
[9]68
[15]64
[10]66
[19]64
[16]64
[4]65
[0]67
[7]68
[8]64
[5]66
[12]64
[1]64
[14]65
[2]65
[3]67
[11]66
[19]65
[6]67
[17]66
[16]65
[9]69
[15]65
[18]65
[10]67
[4]66
[8]65
[0]68
[12]65
[13]63
[1]65
[5]67
[14]66
[7]69
[2]66
[11]67
[15]66
[3]68
[16]66
[9]70
[19]66
[4]67
[6]68
[17]67
[18]66
[1]66
[5]68
[10]68
[8]66
[7]70
[2]67
[14]67
[3]69
[0]69
[16]67
[11]68
[6]69
[9]71
[17]68
[12]66
[15]67
[13]64
[18]67
[1]67
[19]67
[10]69
[4]68
[0]70
[7]71
[2]68
[8]67
[14]68
[6]70
[16]68
[11]69
[15]68
[17]69
[3]70
[13]65
[5]69
[12]67
[4]69
[19]68
[14]69
[2]69
[0]71
[9]72
[8]68
[1]68
[6]71
[10]70
[11]70
[3]71
[13]66
[15]69
[16]69
[18]68
[12]68
[5]70
[4]70
[17]70
[7]72
[14]70
[8]69
[10]71
[0]72
[19]69
[9]73
[2]70
[15]70
[3]72
[11]71
[6]72
[13]67
[16]70
[18]69
[12]69
[5]71
[1]69
[4]71
[7]73
[17]71
[8]70
[14]71
[10]72
[2]71
[19]70
[13]68
[6]73
[3]73
[15]71
[11]72
[0]73
[16]71
[5]72
[12]70
[18]70
[1]70
[9]74
[17]72
[7]74
[10]73
[8]71
[14]72
[4]72
[19]71
[16]72
[0]74
[15]72
[5]73
[11]73
[2]72
[1]71
[3]74
[6]74
[13]69
[10]74
[17]73
[9]75
[4]73
[12]71
[8]72
[18]71
[19]72
[0]75
[14]73
[16]73
[15]73
[11]74
[3]75
[1]72
[6]75
[7]75
[5]74
[13]70
[2]73
[4]74
[9]76
[17]74
[10]75
[12]72
[18]72
[8]73
[19]73
[16]74
[11]75
[14]74
[3]76
[0]76
[15]74
[7]76
[1]73
[13]71
[6]76
[2]74
[5]75
[9]77
[10]76
[17]75
[12]73
[4]75
[14]75
[18]73
[3]77
[11]76
[15]75
[19]74
[1]74
[0]77
[16]75
[8]74
[6]77
[13]72
[17]76
[9]78
[10]77
[2]75
[4]76
[7]77
[18]74
[19]75
[1]75
[16]76
[5]76
[11]77
[12]74
[6]78
[0]78
[13]73
[8]75
[3]78
[2]76
[14]76
[9]79
[10]78
[17]77
[5]77
[15]76
[6]79
[1]76
[7]78
[11]78
[0]79
[13]74
[18]75
[19]76
[8]76
[2]77
[10]79
[9]80
[3]79
[16]77
[17]78
[4]77
[6]80
[1]77
[5]78
[0]80
[13]75
[14]77
[11]79
[15]77
[12]75
[18]76
[19]77
[10]80
[9]81
[7]79
[8]77
[16]78
[17]79
[3]80
[4]78
[1]78
[0]81
[11]80
[5]79
[15]78
[6]81
[2]78
[18]77
[12]76
[7]80
[19]78
[9]82
[14]78
[16]79
[13]76
[17]80
[4]79
[3]81
[8]78
[0]82
[1]79
[18]78
[12]77
[10]81
[15]79
[19]79
[7]81
[14]79
[11]81
[16]80
[6]82
[17]81
[5]80
[13]77
[9]83
[4]80
[8]79
[3]82
[2]79
[18]79
[12]78
[0]83
[7]82
[10]82
[1]80
[14]80
[15]80
[11]82
[16]81
[6]83
[19]80
[17]82
[13]78
[3]83
[8]80
[18]80
[2]80
[5]81
[12]79
[0]84
[10]83
[1]81
[14]81
[15]81
[7]83
[6]84
[16]82
[4]81
[9]84
[17]83
[19]81
[3]84
[11]83
[8]81
[18]81
[13]79
[12]80
[5]82
[2]81
[10]84
[7]84
[0]85
[16]83
[15]82
[4]82
[11]84
[1]82
[17]84
[19]82
[8]82
[14]82
[5]83
[10]85
[18]82
[6]85
[12]81
[3]85
[2]82
[7]85
[0]86
[13]80
[9]85
[1]83
[15]83
[8]83
[16]84
[19]83
[17]85
[12]82
[4]83
[10]86
[2]83
[3]86
[0]87
[11]85
[13]81
[7]86
[1]84
[18]83
[14]83
[5]84
[15]84
[9]86
[16]85
[19]84
[6]86
[8]84
[12]83
[10]87
[4]84
[17]86
[3]87
[2]84
[13]82
[11]86
[0]88
[18]84
[1]85
[7]87
[15]85
[5]85
[14]84
[19]85
[16]86
[12]84
[8]85
[10]88
[3]88
[9]87
[4]85
[17]87
[0]89
[11]87
[2]85
[13]83
[1]86
[15]86
[6]87
[7]88
[19]86
[18]85
[12]85
[14]85
[10]89
[5]86
[4]86
[3]89
[8]86
[0]90
[9]88
[17]88
[15]87
[2]86
[11]88
[6]88
[19]87
[13]84
[1]87
[7]89
[10]90
[14]86
[18]86
[4]87
[9]89
[12]86
[5]87
[15]88
[8]87
[0]91
[3]90
[16]87
[6]89
[19]88
[2]87
[1]88
[7]90
[13]85
[10]91
[11]89
[14]87
[12]87
[18]87
[15]89
[0]92
[4]88
[5]88
[16]88
[3]91
[1]89
[2]88
[9]90
[7]91
[6]90
[10]92
[13]86
[19]89
[8]88
[11]90
[14]88
[0]93
[12]88
[16]89
[17]89
[5]89
[1]90
[3]92
[7]92
[18]88
[6]91
[10]93
[9]91
[19]90
[15]90
[4]89
[13]87
[14]89
[2]89
[11]91
[8]89
[0]94
[5]90
[16]90
[7]93
[1]91
[3]93
[15]91
[18]89
[4]90
[6]92
[2]90
[11]92
[14]90
[9]92
[13]88
[8]90
[19]91
[17]90
[12]89
[5]91
[16]91
[10]94
[18]90
[15]92
[1]92
[0]95
[3]94
[2]91
[9]93
[7]94
[6]93
[13]89
[14]91
[19]92
[8]91
[11]93
[17]91
[5]92
[4]91
[18]91
[12]90
[16]92
[2]92
[6]94
[9]94
[13]90
[14]92
[1]93
[19]93
[0]96
[8]92
[3]95
[15]93
[5]93
[10]95
[4]92
[11]94
[7]95
[17]92
[12]91
[18]92
[13]91
[2]93
[6]95
[14]93
[0]97
[15]94
[3]96
[10]96
[9]95
[5]94
[1]94
[16]93
[19]94
[8]93
[11]95
[17]93
[7]96
[4]93
[12]92
[18]93
[6]96
[2]94
[15]95
[9]96
[13]92
[16]94
[0]98
[3]97
[14]94
[19]95
[10]97
[8]94
[17]94
[7]97
[5]95
[4]94
[1]95
[12]93
[15]96
[9]97
[6]97
[2]95
[13]93
[18]94
[0]99
[16]95
[3]98
[19]96
[10]98
[11]96
[5]96
[14]95
[7]98
[12]94
[15]97
[17]95
[9]98
[18]95
[16]96
[4]95
[1]96
[8]95
[2]96
[3]99
[10]99
[19]97
[6]98
[11]97
[13]94
[14]96
[12]95
[5]97
[7]99
[4]96
[1]97
[9]99
[2]97
[16]97
[15]98
[18]96
[3]100
[17]96
[8]96
[19]98
[0]100
[13]95
[6]99
[7]100
[4]97
[1]98
[12]96
[14]97
[5]98
[11]98
[18]97
[9]100
[2]98
[15]99
[19]99
[8]97
[17]97
[16]98
[10]100
[6]100
[13]96
[4]98
[1]99
[14]98
[12]97
[11]99
[2]99
[5]99
[15]100
[17]98
[19]100
[18]98
[13]97
[4]99
[1]100
[8]98
[14]99
[16]99
[2]100
[12]98
[17]99
[4]100
[11]100
[18]99
[14]100
[8]99
[5]100
[16]100
[13]98
[17]100
[12]99
[18]100
[8]100
[13]99
[12]100
[13]100
