1
[0]12
[0]13
[0]15
[0]17
[0]19
[0]21
[2]11
[1]13
[0]25
[1]14
[0]27
[0]28
[2]14
[1]16
[2]15
[0]32
[1]18
[2]16
[2]17
[1]19
[2]18
[1]20
[2]19
[1]21
[2]20
[1]22
[2]21
[1]23
[2]22
[1]24
[2]23
[1]25
[1]26
[2]24
[2]25
[1]27
[2]26
[1]28
[2]27
[1]29
[2]28
[1]30
[2]29
[2]30
[1]31
[2]31
[1]32
[2]32
[0]65
[2]33
[1]34
[2]34
[1]35
[2]35
[1]36
[2]36
[2]37
[1]37
[1]38
[2]38
[0]77
[1]39
[2]40
[2]41
[1]40
[1]41
[2]42
[1]42
[2]43
[1]43
[1]44
[2]44
[2]45
[1]45
[2]46
[1]46
[2]47
[2]48
[1]47
[2]49
[1]48
[2]50
[1]49
[1]50
