5
[0]21
[7]20
[0]22
[3]21
[8]21
[1]21
[6]21
[9]22
[5]23
[4]21
[2]22
[7]21
[3]22
[6]22
[1]22
[0]23
[5]24
[4]22
[7]22
[2]23
[8]22
[9]23
[3]23
[6]23
[0]24
[5]25
[2]24
[9]24
[8]23
[1]23
[4]23
[3]24
[0]25
[5]26
[8]24
[9]25
[1]24
[3]25
[4]24
[6]24
[0]26
[2]25
[8]25
[5]27
[9]26
[7]23
[1]25
[4]25
[0]27
[6]25
[3]26
[2]26
[5]28
[8]26
[4]26
[9]27
[1]26
[6]26
[7]24
[3]27
[2]27
[4]27
[5]29
[9]28
[8]27
[1]27
[6]27
[2]28
[3]28
[5]30
[8]28
[7]25
[9]29
[1]28
[6]28
[3]29
[5]31
[4]28
[8]29
[7]26
[9]30
[1]29
[6]29
[3]30
[2]29
[5]32
[8]30
[9]31
[7]27
[6]30
[4]29
[1]30
[3]31
[2]30
[5]33
[8]31
[9]32
[6]31
[1]31
[7]28
[3]32
[2]31
[8]32
[5]34
[9]33
[4]30
[7]29
[1]32
[6]32
[3]33
[2]32
[8]33
[4]31
[5]35
[1]33
[9]34
[6]33
[7]30
[3]34
[8]34
[2]33
[4]32
[5]36
[6]34
[7]31
[8]35
[1]34
[5]37
[4]33
[3]35
[6]35
[9]35
[2]34
[7]32
[8]36
[1]35
[5]38
[3]36
[4]34
[7]33
[9]36
[2]35
[6]36
[8]37
[3]37
[5]39
[4]35
[1]36
[2]36
[8]38
[9]37
[6]37
[5]40
[1]37
[4]36
[7]34
[3]38
[8]39
[9]38
[5]41
[4]37
[2]37
[1]38
[7]35
[6]38
[5]42
[9]39
[4]38
[3]39
[8]40
[2]38
[7]36
[1]39
[6]39
[5]43
[8]41
[2]39
[3]40
[9]40
[1]40
[7]37
[4]39
[6]40
[8]42
[2]40
[9]41
[3]41
[4]40
[7]38
[6]41
[5]44
[8]43
[3]42
[7]39
[9]42
[6]42
[2]41
[4]41
[1]41
[5]45
[8]44
[3]43
[7]40
[2]42
[4]42
[5]46
[9]43
[6]43
[1]42
[8]45
[2]43
[5]47
[4]43
[9]44
[1]43
[7]41
[3]44
[6]44
[9]45
[2]44
[5]48
[8]46
[4]44
[1]44
[3]45
[6]45
[7]42
[9]46
[5]49
[8]47
[2]45
[6]46
[4]45
[7]43
[3]46
[9]47
[1]45
[2]46
[8]48
[1]46
[3]47
[5]50
[4]46
[6]47
[7]44
[9]48
[2]47
[1]47
[3]48
[8]49
[4]47
[6]48
[2]48
[1]48
[3]49
[9]49
[4]48
[7]45
[8]50
[6]49
[2]49
[1]49
[9]50
[7]46
[3]50
[4]49
[6]50
[2]50
[1]50
[7]47
[4]50
[7]48
[7]49
[7]50
