2
[0]9
[0]10
[0]12
[0]14
[0]16
[0]18
[0]20
[0]22
[0]24
[0]26
[0]28
[0]30
[0]32
[0]34
[0]36
[0]38
[0]40
[0]42
[0]44
[0]46
[0]48
[2]11
[1]14
[2]12
[0]53
[2]13
[0]55
[0]56
[0]57
[2]15
[1]18
[0]60
[0]61
[0]62
[0]63
[0]64
[1]21
[0]66
[0]67
[2]20
[1]23
[0]70
[0]71
[1]25
[0]73
[0]74
[2]23
[1]27
[2]24
[0]78
[2]25
[1]29
[0]81
[0]82
[2]27
[1]31
[0]85
[0]86
[0]87
[0]88
[2]31
[0]90
[2]32
[0]92
[0]93
[1]35
[0]95
[1]36
[0]97
[0]98
[1]38
[0]100
[1]39
[2]37
[0]103
[0]104
[2]39
[1]41
[0]107
[1]42
[0]109
[0]110
[0]111
[1]45
[2]42
[0]114
[0]115
[2]44
[1]47
[0]118
[0]119
[0]120
[2]46
[1]50
[0]123
[2]48
[2]49
[2]50
