0
[0]12
[0]13
[0]15
[0]17
[0]19
[0]21
[2]11
[1]13
[2]12
[0]26
[2]13
[1]15
[2]14
[0]30
[0]31
[2]16
[1]17
[2]17
[0]35
[1]19
[2]18
[0]38
[0]39
[2]20
[1]21
[0]42
[1]22
[2]22
[0]45
[2]23
[1]24
[2]24
[2]25
[1]25
[2]26
[0]52
[0]53
[1]27
[2]28
[0]56
[2]29
[1]29
[0]59
[2]31
[1]30
[0]62
[1]31
[0]64
[2]33
[1]33
[0]67
[0]68
[2]35
[1]35
[0]71
[1]36
[0]73
[0]74
[1]38
[2]38
[1]39
[0]78
[1]40
[2]40
[0]81
[0]82
[1]42
[2]42
[1]43
[1]44
[2]43
[0]88
[2]44
[1]46
[2]45
[0]92
[2]46
[1]48
[0]95
[2]47
[0]97
[1]50
[2]49
[2]50
