Genesis;[68]1,[32]1,[15]1,[28]1,[30]1,[57]1,[48]1,[67]1,[37]1,[52]1,[71]1,[61]1,[65]1,[73]1,[60]1,[17]1,[13]1,[69]1,[29]1,[33]1,[18]1,[11]1,[75]1,[25]1,[58]1,[8]1,[12]1,[79]1,[64]1,[44]1,[59]1,[41]1,[19]1,[23]1,[45]1,[56]1,[22]1,[53]1,[6]1,[0]1,[24]1,[66]1,[51]1,[1]1,[4]1,[72]1,[74]1,[70]1,[9]1,[50]1,[10]1,[31]1,[47]1,[78]1,[2]1,[49]1,[63]1,[55]1,[62]1,[36]1,[46]1
[68]1;[7]1,[30]2,[15]2,[59]2,[57]2,[25]2,[53]2,[20]1,[42]1,[43]1,[21]1,[34]1,[27]1,[3]1,[31]2,[5]1,[38]1,[39]1,[75]2,[71]2,[32]2,[37]2,[28]2,[52]2,[14]1,[11]2,[33]2,[8]2,[77]1,[23]2,[12]2,[51]2,[67]2,[64]2,[26]1,[58]2,[0]2,[1]2,[19]2,[45]2,[76]1,[54]1,[63]2,[61]2,[69]2,[2]2,[48]2,[44]2,[4]2,[35]1,[24]2,[78]2,[16]1,[29]2,[13]2,[17]2,[70]2
[32]1;[20]1,[42]1,[43]1,[21]1,[34]1,[27]1
[15]1;
[28]1;
[30]1;
[57]1;
[48]1;
[67]1;
[37]1;
[52]1;
[71]1;
[61]1;
[65]1;[38]1,[39]1
[73]1;
[60]1;
[17]1;
[13]1;[3]1
[69]1;
[29]1;[5]1,[28]2,[52]2
[33]1;
[18]1;
[11]1;[8]2,[77]1,[23]2
[75]1;[12]2,[51]2
[25]1;
[58]1;[17]3
[8]1;[32]2,[67]2
[12]1;[37]2,[14]1
[79]1;[11]2,[26]1
[64]1;[58]2
[44]1;[75]2,[71]2,[33]2,[19]2,[45]2
[59]1;[69]2,[2]2,[48]2,[41]3
[41]1;[44]2,[35]1,[16]1,[29]2,[13]2,[70]2,[66]2,[18]2,[22]2,[68]2,[49]2,[30]3,[9]2,[46]2,[55]2,[15]3,[72]2,[79]2,[6]2,[53]3,[42]2,[25]3,[52]3,[37]3,[32]3,[75]3,[3]2,[14]2
[19]1;
[23]1;
[45]1;
[56]1;
[22]1;
[53]1;[64]2
[6]1;
[0]1;
[24]1;[50]2,[1]3,[47]2,[64]3,[8]4,[4]3
[66]1;[0]2,[1]2
[51]1;[48]3,[31]3
[1]1;[76]1,[54]1,[63]2
[4]1;[61]2
[72]1;
[74]1;[4]2,[24]2,[78]2,[17]2,[66]2,[68]2,[49]2,[30]3,[9]2,[46]2,[72]2,[79]2,[6]2,[42]2,[25]3,[41]3,[65]2,[52]3,[32]3,[3]2,[51]3
[70]1;[20]2,[14]2
[9]1;
[50]1;
[10]1;
[31]1;
[47]1;
[78]1;
[2]1;
[49]1;
[63]1;
[55]1;
[62]1;
[36]1;[24]3
[46]1;
[7]1;[56]2,[41]2,[57]3,[7]2,[74]2,[73]2,[18]2,[22]2,[40]1,[55]2,[15]3,[62]2,[60]2,[21]2
[30]2;[40]1,[62]2,[60]2,[53]3,[21]2,[5]2
[15]2;[5]2
[59]2;
[57]2;
[25]2;
[53]2;
[20]1;[62]3
[42]1;
[43]1;
[21]1;
[34]1;
[27]1;
[3]1;[79]3,[54]3
[31]2;
[56]2;[59]3,[56]3,[28]3,[34]2,[8]3,[71]3,[33]3,[36]2,[39]2,[0]3,[54]2,[61]3,[23]3,[35]2,[26]2,[19]3,[77]2,[70]3
[41]2;[11]3,[61]3,[23]3,[35]2,[26]2,[19]3,[77]2,[70]3,[57]4,[74]3,[71]4,[5]3
[5]1;
[38]1;
[39]1;[75]3
[75]2;[51]3
[71]2;[20]2
[32]2;[65]2
[37]2;
[28]2;
[52]2;[25]6
[14]1;[11]3
[11]2;[31]3
[33]2;[70]4,[37]4,[45]3,[26]3,[43]3,[4]4,[72]4,[2]4,[17]4,[39]4,[30]5
[8]2;[73]3
[77]1;
[23]2;[58]3,[69]3,[78]3,[2]3,[47]2,[66]3,[10]2,[22]3,[74]3,[28]4,[8]4,[49]3,[71]4,[67]3,[53]4,[5]3,[24]3,[33]4,[76]3,[0]4
[12]2;[37]3,[55]3
[51]2;
[67]2;
[64]2;
[26]1;
[58]2;
[0]2;[48]3,[63]3,[17]3
[1]2;[63]3
[19]2;
[45]2;
[76]1;
[57]3;[38]2,[10]2,[72]3,[79]3
[54]1;
[63]2;[50]2,[58]3,[69]3
[61]2;[78]3,[1]3,[2]3,[66]3,[57]4,[22]3,[64]3,[16]2,[28]4,[56]4,[4]3,[72]3,[55]3,[49]3,[54]3,[67]3,[53]4,[21]3,[33]4,[76]3,[0]4
[69]2;[73]3,[9]3,[78]4,[43]3,[10]3,[72]4,[56]5,[13]4
[2]2;[35]3,[45]3,[26]3
[48]2;
[44]2;[16]2,[56]4,[62]3,[21]3
[4]2;
[7]2;[9]3,[44]4,[18]4,[37]4,[17]4,[55]4,[79]4,[68]4,[61]4,[23]4,[54]4
[35]1;
[24]2;
[74]2;[35]3,[44]4,[70]4,[18]4,[78]4,[10]3,[4]4,[79]4,[75]5,[56]5,[36]3,[12]4,[23]4,[39]4,[27]2,[30]5,[54]4,[40]3,[73]4,[53]5
[78]2;
[16]1;
[29]2;
[13]2;
[17]2;
[73]2;[58]5
[70]2;
[66]2;
[18]2;[0]5,[32]5,[59]6,[16]4
[22]2;
[59]3;[12]3,[59]4,[76]2,[34]3,[44]3,[38]2,[18]3,[68]3,[29]3,[7]3,[30]4,[43]2,[46]3,[39]3,[6]3,[13]3,[60]3
[56]3;[18]3,[68]3,[29]3,[7]3,[30]4,[43]2,[46]3,[39]3,[6]3,[13]3,[60]3
[68]2;
[49]2;
[28]3;[10]4,[27]3,[68]5,[18]5
[30]3;
[9]2;
[34]2;
[40]1;[2]4,[68]4
[8]3;
[46]2;
[55]2;
[15]3;
[71]3;
[62]2;
[72]2;
[79]2;
[33]3;
[36]2;
[39]2;
[0]3;[75]5,[36]3,[34]5,[58]5,[44]5,[63]5,[72]5
[6]2;
[60]2;
[53]3;
[54]2;
[42]2;
[21]2;
[25]3;
[5]2;
[12]3;[25]4,[75]4,[34]4,[69]4,[40]2,[65]3,[52]4,[15]4,[14]3,[51]4,[3]3,[1]4,[63]4,[58]4,[32]4,[41]4,[11]4,[57]5,[29]4
[41]3;
[59]4;[40]2,[65]3,[52]4,[15]4,[14]3,[51]4,[3]3,[1]4,[63]4,[58]4,[32]4,[41]4,[11]4,[57]5,[29]4,[16]3,[8]5
[65]2;
[76]2;[16]3,[59]5,[8]5
[52]3;
[37]3;
[32]3;
[75]3;
[3]2;
[51]3;
[34]3;[51]6,[38]4,[18]6
[20]2;
[14]2;
[11]3;[19]4,[32]5
[48]3;
[63]3;
[31]3;
[61]3;
[44]3;[47]5
[23]3;
[35]2;
[50]2;[13]4
[58]3;[31]4,[27]2,[7]4,[53]5,[51]5
[69]3;
[26]2;
[19]3;
[78]3;[31]4,[6]4,[61]4,[7]4,[19]4,[73]4,[51]5
[1]3;
[2]3;
[77]2;
[70]3;[34]5,[0]5,[26]4,[44]5,[14]4,[76]4,[22]5,[31]5,[35]4,[2]5,[16]4,[56]6
[47]2;
[38]2;[12]4,[31]5,[59]6
[66]3;
[10]2;
[57]4;
[22]3;
[18]3;[26]4,[69]6,[36]4,[50]4,[21]5
[68]3;[54]5,[49]5
[29]3;[38]3,[14]4,[22]5,[63]5,[37]5,[27]3,[60]5,[18]5,[15]6
[17]3;
[64]3;
[7]3;
[74]3;
[16]2;
[25]4;[77]3,[66]4,[47]3,[22]4,[64]4,[71]5,[46]4,[25]5,[48]4,[59]5,[28]5,[62]4,[20]3
[28]4;[40]3
[8]4;[25]6
[56]4;[6]4
[30]4;
[4]3;
[43]2;
[46]3;
[72]3;
[39]3;
[79]3;[55]4
[62]3;
[6]3;
[55]3;
[75]4;[28]5,[62]4,[20]3,[49]4,[74]4
[49]3;
[13]3;[50]4,[42]5,[10]5
[71]4;
[54]3;
[34]4;[69]5
[67]3;
[53]4;
[60]3;[38]3,[76]4,[72]5,[35]4,[2]5,[10]4,[37]5,[69]6,[49]5,[36]4,[15]6,[39]5,[19]5,[30]6
[21]3;
[69]4;
[5]3;
[24]3;
[33]4;
[76]3;
[77]3;[42]3,[77]4,[15]5,[69]5,[49]4,[74]4,[60]4,[65]4,[24]4,[21]4,[50]3,[66]5,[67]4,[47]4,[48]5,[41]5,[57]6
[40]2;[54]5,[39]5,[30]6,[3]5,[66]6,[12]6,[28]6,[57]7,[16]5
[65]3;
[0]4;
[66]4;[60]4,[65]4,[24]4,[21]4,[50]3,[66]5,[67]4,[47]4,[48]5,[41]5,[57]6
[47]3;[41]6,[4]6,[37]6,[16]5,[48]6,[21]6
[52]4;
[22]4;[4]6,[59]7,[69]7,[27]4,[35]5,[60]6
[73]3;
[15]4;
[14]3;
[64]4;[55]7
[71]5;[13]7
[51]4;[42]5,[21]5,[66]6,[63]6,[27]4,[53]7
[9]3;
[46]4;
[3]3;
[25]5;
[1]4;
[63]4;
[48]4;
[58]4;
[35]3;[68]5,[60]5
[44]4;
[32]4;
[41]4;
[70]4;
[18]4;
[37]4;
[11]4;
[57]5;
[45]3;
[26]3;
[29]4;[43]5,[3]5,[51]6,[25]7,[38]4,[28]6,[47]5,[63]6,[57]7,[59]7
[78]4;
[42]3;[70]5,[29]5,[78]5,[71]6,[8]6,[43]4,[11]5,[9]4,[52]5,[42]4,[3]4,[77]5,[4]5,[17]5,[75]6,[64]5,[5]4,[12]5,[79]5,[55]5,[6]5,[33]5
[16]3;
[77]4;[6]5,[33]5
[59]5;[12]6
[43]3;
[10]3;
[4]4;
[31]4;
[72]4;
[2]4;
[8]5;
[17]4;
[55]4;
[79]4;
[75]5;[43]5,[79]6
[68]4;
[56]5;
[36]3;
[28]5;[41]6,[37]6,[10]5
[62]4;[25]7,[75]7
[13]4;
[20]3;
[6]4;
[12]4;[56]6,[19]5
[61]4;
[15]5;[18]7
[23]4;
[39]4;
[27]2;
[69]5;[69]7
[7]4;
[30]5;
[54]4;
[40]3;
[49]4;
[19]4;
[70]5;[1]5,[40]4,[45]4,[52]6,[13]5,[53]6,[26]5,[71]7,[17]6,[46]5,[8]7,[20]4,[11]6,[77]6,[61]5,[29]6,[9]5,[65]5,[24]5,[74]5,[34]6,[0]6,[5]5,[70]6,[7]5,[55]6,[76]5
[29]5;[46]5,[8]7,[20]4,[11]6,[77]6,[61]5,[29]6,[9]5,[65]5,[24]5
[74]4;
[60]4;[75]7
[78]5;
[65]4;
[24]4;[77]7,[29]7,[65]6,[52]7,[5]6,[24]6,[19]6,[38]5,[55]7
[71]6;
[8]6;
[43]4;
[11]5;
[73]4;
[9]4;
[52]5;
[53]5;
[21]4;
[42]4;[17]8,[24]7,[32]8
[3]4;[70]6,[7]5,[55]6
[77]5;[50]5,[74]6,[49]6,[40]6,[73]6,[1]6,[41]7,[4]7,[3]6,[75]8,[34]7,[32]7,[23]6,[61]7,[59]8,[18]7
[50]3;
[4]5;
[66]5;
[51]5;
[17]5;
[67]4;
[75]6;
[38]3;[60]6
[47]4;
[48]5;
[64]5;
[25]6;
[34]5;
[5]4;[74]5,[34]6
[12]5;[15]8,[6]7,[2]8
[79]5;[0]6
[41]5;[61]7,[33]7
[0]5;[79]6
[58]5;
[55]5;[5]5,[76]5
[57]6;[35]5,[48]6,[18]6,[77]7,[29]7,[65]6,[52]7,[21]6,[46]6,[73]6,[7]6,[67]6,[1]6,[5]6,[41]7,[70]7,[24]6,[19]6,[75]8,[38]5,[13]7
[26]4;
[32]5;
[44]5;
[14]4;
[76]4;
[22]5;
[63]5;
[1]5;[62]5,[44]6,[40]5,[73]5,[67]5,[54]6,[2]6,[45]5,[64]6,[13]6,[32]6,[31]6,[23]5,[26]6,[58]6,[33]6,[17]7
[40]4;[2]6,[45]5,[64]6,[13]6,[32]6,[31]6,[23]5,[26]6,[58]6,[33]6,[17]7
[31]5;
[72]5;
[59]6;
[35]4;
[2]5;
[45]4;
[52]6;
[16]4;
[10]4;
[13]5;
[37]5;
[6]5;
[56]6;
[53]6;
[33]5;[74]6,[49]6,[6]6,[46]6,[7]6,[67]6,[70]7,[3]6,[34]7,[32]7,[26]7,[8]8,[23]6,[33]7
[27]3;
[26]5;
[69]6;
[68]5;
[71]7;
[17]6;
[54]5;[53]7
[49]5;
[60]5;
[18]5;
[46]5;[50]5,[40]6,[44]7,[76]6,[2]7
[62]5;[22]6,[78]6,[68]6,[20]5,[39]6,[56]7,[51]7,[72]6,[11]7,[25]8,[62]6,[71]8,[9]6,[14]5,[42]6,[30]7,[66]7,[15]7,[36]5
[44]6;[72]6,[11]7,[25]8,[62]6,[71]8,[9]6,[14]5,[42]6,[30]7,[66]7,[15]7,[36]5
[36]4;
[8]7;[6]6,[60]7
[20]4;[41]8,[45]6,[77]8,[66]8,[53]9,[72]8,[48]7,[14]6,[44]8
[15]6;
[11]6;[13]8,[76]7,[25]10
[39]5;
[40]5;[26]8,[73]8,[15]9,[41]9,[4]9
[73]5;[5]8,[66]9,[38]7
[77]6;[76]6,[2]7,[43]6,[20]6,[59]8,[27]5,[56]8,[67]7,[73]7,[15]8,[68]7
[19]5;
[43]5;
[61]5;
[29]6;
[30]6;
[9]5;
[3]5;
[65]5;
[24]5;
[50]4;
[51]6;
[74]5;
[34]6;
[42]5;
[0]6;
[25]7;
[21]5;
[38]4;
[5]5;[41]8,[77]8,[14]6,[55]8,[16]6,[44]8
[70]6;[52]9,[23]7,[12]8
[66]6;
[7]5;[78]9
[12]6;
[67]5;
[28]6;
[55]6;
[75]7;
[41]6;
[76]5;[44]7,[26]7,[8]8,[43]6,[20]6,[27]5,[79]7,[56]8,[74]7,[67]7,[68]7,[17]8
[79]6;
[47]5;
[54]6;
[22]6;[0]7,[61]6,[28]7,[54]7,[63]7,[78]7,[12]7,[39]7,[10]6,[51]8,[64]7,[37]7,[57]8
[78]6;[54]7,[63]7,[78]7,[12]7,[39]7,[10]6,[51]8,[64]7,[37]7,[57]8,[69]8
[63]6;
[4]6;[4]7
[68]6;[69]8,[35]6
[57]7;
[20]5;[55]9,[11]10,[44]9,[36]7,[23]8
[2]6;[79]7,[73]7,[66]8,[9]8,[32]8
[39]6;[44]9,[23]8,[0]10,[78]10,[40]8,[60]9
[45]5;
[64]6;[74]7,[48]7,[16]6,[75]9,[9]8,[64]8,[52]9,[0]9,[46]8,[23]7,[38]6,[59]9,[51]9
[13]6;
[56]7;
[37]6;
[32]6;
[51]7;
[16]5;
[31]6;
[23]5;
[59]7;
[10]5;
[69]7;
[26]6;
[27]4;
[58]6;
[33]6;
[17]7;[45]6,[72]8,[75]9,[2]8,[64]8,[12]8,[70]8,[38]6,[59]9,[27]6,[37]8,[28]8,[26]8,[1]8
[35]5;
[60]6;
[53]7;
[48]6;
[0]7;[72]7,[53]8,[29]8,[47]6,[22]7,[58]7,[11]8,[46]7,[62]7,[0]8,[9]7,[52]8,[65]7,[35]6,[1]7,[25]9,[63]8
[18]6;
[77]7;
[61]6;[1]7,[25]9,[63]8
[72]6;[8]9,[49]7,[69]9,[46]8,[37]8,[76]7,[62]8,[6]8
[11]7;[13]8,[63]9
[29]7;
[65]6;
[52]7;
[50]5;[53]9,[24]7,[6]7,[70]8,[28]8
[25]8;[0]9,[69]9,[27]6,[34]9,[73]8,[63]9,[15]9,[6]8,[35]7,[45]7,[41]9,[68]8,[10]8,[53]10
[62]6;
[74]6;[60]7
[71]8;
[9]6;
[14]5;
[21]6;
[42]6;
[30]7;
[66]7;
[49]6;[55]8
[6]6;
[46]6;
[15]7;[4]9
[40]6;
[36]5;[49]7,[51]9,[57]9,[34]9,[25]10,[5]8,[66]9,[35]7,[50]7,[45]7,[65]8,[10]8,[53]10
[73]6;
[7]6;
[67]6;
[1]6;
[5]6;
[41]7;
[28]7;[57]9,[55]9,[61]9,[12]9,[32]9,[78]10
[4]7;
[54]7;[68]8,[61]9,[11]10,[12]9,[0]10,[19]9,[71]10,[15]10
[70]7;
[24]6;
[19]6;
[3]6;
[63]7;[36]7,[57]10,[40]8,[72]10,[2]9,[33]9,[59]10
[75]8;
[44]7;[8]9
[38]5;
[55]7;
[34]7;
[72]7;[78]8,[19]7,[34]8,[5]7,[39]8,[30]8,[29]9,[50]6,[47]7,[42]7,[22]8,[4]8,[10]7,[11]9,[36]6,[40]7,[7]7,[43]7,[21]7,[33]8,[3]7
[78]7;[76]9
[53]8;[30]8,[29]9,[50]6,[47]7,[42]7,[22]8,[4]8,[10]7,[11]9,[36]6,[40]7,[7]7,[43]7,[21]7,[33]8,[3]7,[54]8
[12]7;[18]10
[13]7;
[29]8;[54]8
[47]6;[32]10,[29]12
[22]7;
[39]7;
[58]7;
[11]8;
[10]6;
[46]7;
[76]6;[1]8
[62]7;[67]9,[72]10,[51]10,[60]9,[71]10,[6]9,[39]10,[63]10,[13]10,[1]9,[68]9
[0]8;
[51]8;
[32]7;
[64]7;
[9]7;
[52]8;
[26]7;
[8]8;
[65]7;
[2]7;
[37]7;
[57]8;
[69]8;[32]9,[63]10
[23]6;
[43]6;
[61]7;
[20]6;
[33]7;
[35]6;
[78]8;[61]8,[71]9,[19]8,[20]7,[60]8,[56]9,[18]8,[67]8,[17]9,[79]8
[59]8;
[18]7;
[19]7;[71]9,[19]8,[20]7,[60]8,[56]9,[18]8,[67]8,[17]9,[79]8,[39]9,[58]8,[24]8,[48]8
[27]5;
[34]8;[75]10,[39]9,[58]8,[24]8,[16]7
[79]7;[78]9,[50]7
[60]7;
[5]7;[39]11,[15]11,[41]11,[66]10,[27]8,[70]11
[39]8;
[56]8;
[74]7;
[67]7;
[73]7;[65]8
[15]8;
[68]7;
[17]8;
[1]7;[52]10,[65]9
[25]9;
[41]8;[62]8
[45]6;[38]7
[63]8;[7]8,[57]10,[67]9,[51]10,[33]9,[15]10,[59]10,[13]10,[48]9,[64]10,[1]9,[50]8
[77]8;
[66]8;
[53]9;
[24]7;
[61]8;[72]9,[47]8,[29]10,[77]9,[13]9,[75]10,[16]7,[48]8,[22]9,[30]9
[72]8;
[30]8;[27]7,[48]9,[64]10,[50]8,[52]10,[62]9,[32]10,[74]9,[79]9
[48]7;
[29]9;
[6]7;
[14]6;
[50]6;
[55]8;
[16]6;
[47]7;[9]9
[42]7;[22]9
[75]9;
[22]8;[5]9,[27]7,[61]10,[17]10,[24]9,[8]11,[40]9,[45]8
[44]8;
[4]8;
[10]7;
[11]9;[45]8
[36]6;
[9]8;
[13]8;
[8]9;[19]9
[2]8;
[64]8;
[49]7;[7]8,[2]9,[5]9
[52]9;
[0]9;[6]9
[40]7;[10]10,[5]10,[55]11
[69]9;
[7]7;[9]9
[46]8;
[43]7;[78]12
[21]7;[30]9
[32]8;
[23]7;
[33]8;[39]11,[15]11,[66]10,[33]10,[0]12,[27]8,[14]8
[12]8;
[3]7;[39]10,[68]9,[11]11,[62]9,[23]9,[76]9,[65]9,[17]10,[24]9,[29]12,[8]11,[40]9,[18]10,[26]10,[74]9,[31]8
[70]8;
[38]6;
[54]8;[61]10,[26]10
[72]9;[46]9,[64]9,[43]8,[42]8,[77]10,[56]10,[70]9,[73]9,[74]8,[20]8,[29]11,[69]10,[8]10,[37]9,[26]9,[54]9,[34]10,[21]8,[18]9,[31]7
[47]8;[74]8,[20]8,[29]11,[69]10,[8]10,[37]9,[26]9,[54]9,[34]10,[21]8,[18]9,[31]7
[59]9;
[27]6;
[71]9;[31]8,[41]11,[79]9,[42]10,[33]10,[49]9,[75]12,[70]11,[19]11,[14]8,[10]10,[72]12,[6]10,[60]10,[46]11,[55]11,[38]8,[47]10
[78]9;
[37]8;
[28]8;
[19]8;[12]11,[34]11,[75]12,[44]11,[22]10,[7]9,[72]12,[77]12,[57]12
[29]10;[35]8
[20]7;[73]11
[51]9;
[57]9;[23]9
[76]7;
[60]8;
[56]9;
[34]9;
[18]8;
[26]8;
[77]9;[3]9,[6]10,[28]10,[30]11,[65]10,[74]10
[67]8;
[25]10;
[17]9;
[1]8;
[79]8;
[62]8;
[5]8;
[73]8;
[63]9;
[13]9;[49]9,[5]10,[60]10,[46]11,[38]8,[4]11,[47]10,[17]11,[33]11
[15]9;
[66]9;
[6]8;
[46]9;[76]8,[43]9,[70]10,[35]8,[14]7,[58]9,[42]9,[41]10,[16]8,[49]8,[55]10,[77]11,[28]9,[30]10,[3]8,[56]11,[73]10,[4]10
[35]7;
[64]9;[14]7,[58]9,[42]9,[41]10,[16]8,[49]8,[55]10,[77]11,[28]9,[30]10,[3]8,[56]11,[73]10,[4]10
[50]7;
[43]8;
[42]8;
[75]10;[34]11
[39]9;
[58]8;
[24]8;
[45]7;
[16]7;[12]12,[64]12
[41]9;
[65]8;
[68]8;
[10]8;
[53]10;
[48]8;[54]11
[55]9;
[61]9;
[9]9;[44]11
[77]10;
[22]9;[42]10,[22]10
[56]10;
[11]10;
[7]8;[11]11
[30]9;
[4]9;
[70]9;
[73]9;
[12]9;
[76]8;[19]10,[44]10,[12]10,[0]11,[9]10,[75]11,[46]10,[47]9,[72]11,[10]9,[2]10,[37]10,[57]11,[78]11,[53]11,[71]11,[51]11,[20]9,[35]9,[67]10,[54]10,[58]10
[44]9;
[36]7;
[23]8;
[0]10;
[32]9;
[78]10;
[74]8;[7]9,[36]8,[28]10,[30]11,[17]11,[65]10,[29]13,[24]10,[49]10,[27]9
[20]8;
[29]11;[37]11,[36]8,[57]12,[4]11,[78]12,[68]11,[74]10,[8]12,[67]11,[79]10,[12]12
[43]9;[53]11,[71]11,[51]11,[20]9,[35]9,[67]10,[54]10,[58]10
[69]10;
[19]9;
[8]10;
[37]9;
[57]10;
[40]8;
[26]9;
[54]9;
[67]9;[0]12
[34]10;[48]11,[31]9,[56]13
[72]10;
[38]7;
[21]8;[60]11,[28]11
[2]9;
[18]9;[15]12
[51]10;
[60]9;
[33]9;
[71]10;
[31]7;[37]11,[68]11,[67]11,[26]11,[29]13,[79]10,[49]10,[27]9,[72]13
[70]10;[12]13,[20]12
[35]8;
[15]10;
[59]10;
[14]7;[26]11,[15]12,[38]9,[77]13,[35]11,[28]11,[39]13
[6]9;
[58]9;[39]13
[42]9;[6]12
[39]10;
[41]10;
[5]9;[19]11
[63]10;
[13]10;
[27]7;[12]11,[3]9
[48]9;
[19]10;[68]10,[48]10,[1]10,[16]9,[64]11,[32]11,[43]10,[50]9,[69]11,[56]12,[13]11,[59]11,[25]11,[9]11
[16]8;
[44]10;[16]9,[64]11,[43]10,[50]9,[69]11,[56]12,[13]11,[59]11,[25]11,[9]11
[64]10;
[12]10;
[1]9;
[0]11;
[49]8;[63]12,[66]11,[62]11,[48]11,[52]12,[36]9,[51]12,[54]11,[77]13,[3]10,[55]12,[56]13,[19]12
[68]9;[77]12
[9]10;
[50]8;
[75]11;
[46]10;
[47]9;
[55]10;
[72]11;
[10]9;[25]13,[38]10
[2]10;[34]13
[11]11;
[77]11;
[52]10;
[28]9;
[62]9;
[30]10;
[61]10;
[3]8;
[37]10;[19]12,[30]12,[76]10,[67]12,[58]12,[74]11,[24]11,[8]13,[12]13,[27]10,[23]11
[57]11;
[56]11;
[73]10;[30]12,[10]11,[0]14,[58]12,[64]13,[72]14
[4]10;[8]12,[63]12,[72]13,[66]11,[62]11,[31]9,[52]12,[36]9,[60]11,[38]9,[3]10,[71]13,[35]11,[11]13
[23]9;
[76]9;
[65]9;
[17]10;
[78]11;
[32]10;
[68]10;[63]11,[2]11,[11]12,[53]12,[62]10,[52]11,[20]10,[21]9,[35]10,[71]12,[39]12,[58]11,[42]11
[48]10;[58]11,[42]11
[24]9;
[29]12;
[8]11;
[40]9;
[18]10;
[26]10;
[53]11;[55]12,[64]13
[74]9;
[71]11;
[51]11;
[45]8;
[20]9;
[31]8;[73]11,[33]11,[24]10
[35]9;[68]12,[48]12,[38]10
[39]11;
[15]11;
[67]10;[56]14,[67]13
[41]11;
[54]10;
[79]9;
[66]10;
[42]10;[64]12
[1]10;[31]10,[37]13,[34]13,[3]11,[44]13,[54]12,[41]12,[15]13,[10]12,[45]11,[70]13,[74]12,[4]14
[58]10;[71]13,[0]14,[76]10,[67]12,[24]11,[8]13,[63]13,[42]12,[20]12,[27]10,[23]11,[32]13,[31]10,[69]13,[37]13
[33]10;
[16]9;[74]11,[63]13,[42]12,[51]13,[26]12,[72]14,[44]13,[54]12,[41]12,[25]13,[15]13,[14]10,[10]12
[12]11;
[0]12;
[64]11;[79]12
[32]11;
[27]8;
[49]9;
[34]11;
[75]12;
[44]11;
[43]10;[45]12
[70]11;
[22]10;
[19]11;
[50]9;
[14]8;
[63]11;[22]11,[14]9,[45]9,[1]11,[0]13,[5]11,[23]10,[4]12,[32]12,[18]11,[16]10,[40]10,[34]12,[6]11,[61]11,[59]12,[69]12,[43]11,[50]10,[25]12,[37]12,[70]12,[46]12,[44]12,[47]11,[2]12
[10]10;
[2]11;[32]12,[18]11,[16]10,[40]10,[34]12,[6]11,[61]11,[59]12,[69]12,[43]11,[50]10,[25]12,[37]12,[70]12,[46]12,[44]12,[47]11,[2]12
[11]12;[51]13,[46]13,[70]13,[79]12,[74]12,[5]13,[42]13,[4]14,[22]13
[7]9;[51]12
[3]9;
[69]11;
[72]12;
[5]10;
[56]12;
[6]10;
[37]11;
[60]10;
[13]11;
[53]12;[26]12,[3]11,[14]10,[5]13,[42]13,[39]14,[61]12,[22]13
[46]11;
[55]11;
[62]10;[8]14,[44]14,[34]14,[68]13,[41]13,[13]13,[52]14,[3]12,[20]14
[52]11;[73]13,[65]13,[44]14,[25]14,[19]14
[59]11;
[77]12;
[36]8;[11]13,[10]11
[20]10;
[38]8;
[25]11;
[57]12;
[9]11;
[4]11;
[21]9;[70]14
[35]10;
[71]12;
[28]10;
[39]12;
[47]10;
[30]11;
[22]11;[20]11,[7]10,[45]10,[57]13,[65]11,[53]13,[78]13,[13]12,[21]10,[17]12,[79]11,[1]12,[22]12,[5]12,[49]11,[4]13
[14]9;[13]12,[21]10,[17]12,[79]11,[1]12,[22]12,[5]12,[49]11,[4]13,[73]12,[16]11
[45]9;
[1]11;
[78]12;
[68]11;
[0]13;
[17]11;
[65]10;
[74]10;
[73]11;
[8]12;[6]12,[32]13,[48]12
[67]11;
[26]11;[56]14
[29]13;
[79]10;
[5]11;
[23]10;
[33]11;
[4]12;
[58]11;[45]11
[42]11;
[12]12;
[64]12;
[24]10;
[49]10;
[27]9;
[32]12;[61]12,[73]13,[51]14,[24]12,[58]14,[13]13,[36]11,[75]14
[20]11;[7]11,[73]12,[16]11,[50]11,[52]13,[29]14,[18]12,[65]12,[66]12,[57]14,[59]13,[53]14,[43]12,[75]13,[62]12,[55]13,[33]12,[71]14,[40]11,[35]12,[77]14
[18]11;
[63]12;[69]13
[16]10;
[72]13;
[66]11;
[40]10;[31]12,[11]15
[34]12;
[62]11;
[48]11;
[6]11;[1]13,[65]13,[29]15,[34]14,[51]14,[37]14,[24]12,[62]13,[52]14,[75]14,[20]14
[15]12;
[7]10;[52]13,[29]14,[18]12,[65]12,[66]12,[57]14,[59]13,[53]14,[43]12,[75]13,[62]12,[55]13,[33]12,[71]14,[40]11,[35]12,[77]14,[36]10,[47]12
[31]9;
[61]11;
[52]12;
[45]10;[19]13,[47]12,[2]13,[7]12,[25]14
[57]13;[66]13,[32]14,[26]14,[27]12,[40]12,[48]13,[59]14,[33]13,[4]15,[67]14,[6]14
[59]12;
[69]12;
[36]9;
[43]11;[46]13,[29]15,[32]14
[50]10;
[65]11;[43]13,[26]14,[45]12,[19]14,[56]15,[40]12,[48]13,[35]13,[31]12,[33]13,[10]13,[67]14,[6]14,[73]14,[1]14,[17]13,[54]13,[58]15,[69]15,[53]16,[52]15
[51]12;
[60]11;
[25]12;
[37]12;
[70]12;
[38]9;
[46]12;[35]13
[54]11;
[53]13;[23]13,[69]15,[5]14,[68]14,[29]16,[78]15,[13]14,[14]12,[12]15
[77]13;
[3]10;
[44]12;[73]14,[70]14,[1]14,[60]13
[71]13;[8]14
[47]11;
[2]12;[39]14,[1]13,[66]13,[37]14,[68]13,[58]14,[78]14,[41]13,[62]13,[3]12,[43]13,[14]11,[36]11,[27]12
[35]11;
[55]12;[68]12
[56]13;
[78]13;[7]13,[41]14
[11]13;
[13]12;[14]11,[59]14,[17]13,[54]13,[58]15,[49]13
[28]11;
[19]12;[67]13
[21]10;
[7]11;[21]11,[76]11,[9]12,[58]13,[20]13,[36]10,[19]13,[2]13,[7]12,[28]12,[23]12
[39]13;
[17]12;
[79]11;
[30]12;
[1]12;
[10]11;
[22]12;
[0]14;
[76]10;
[67]12;
[58]12;
[5]12;
[74]11;[78]14
[64]13;
[49]11;
[24]11;
[4]13;
[8]13;
[63]13;
[42]12;
[73]12;[28]12,[23]12,[21]12,[63]14
[16]11;[6]13
[12]13;
[20]12;
[50]11;
[6]12;
[27]10;
[23]11;
[32]13;
[52]13;[56]15,[16]13,[5]14,[34]15,[49]13,[53]16,[43]14,[60]13
[31]10;
[51]13;
[29]14;
[26]12;
[21]11;[27]11,[26]13,[72]15,[57]15,[50]12,[11]14,[9]13,[31]11,[16]12,[21]12,[63]14,[6]13,[18]13,[71]15,[64]14,[69]14,[55]14,[53]15,[49]12,[77]15,[76]12
[72]14;
[18]12;
[65]12;
[66]12;[22]15,[8]16
[69]13;
[37]13;
[57]14;[4]16,[25]16,[33]14,[28]14,[53]17
[59]13;[24]13,[29]16,[78]15,[72]16,[42]14,[37]16,[47]13,[45]13
[53]14;
[43]12;
[34]13;
[3]11;
[76]11;[18]13,[71]15,[64]14,[69]14,[55]14,[53]15,[49]12,[77]15,[76]12
[44]13;
[75]13;[24]13,[12]15
[62]12;
[55]13;
[9]12;[0]15
[33]12;[8]16,[41]15
[68]12;
[54]12;
[41]12;
[58]13;[45]13,[44]16,[28]14,[24]14,[23]14,[7]14,[34]16,[48]14,[18]15,[32]17
[25]13;
[71]14;[60]14
[48]12;
[40]11;[25]16,[44]16,[65]15
[15]13;
[35]12;
[77]14;[11]15,[28]13,[23]13,[68]14,[42]14,[43]14,[41]14,[37]16,[77]16
[14]10;
[38]10;
[20]13;[77]16,[4]16,[15]15,[33]14,[24]14,[64]16,[49]14,[7]14,[79]15
[36]10;[28]15
[19]13;[16]13,[72]16,[14]12
[46]13;[10]13
[10]12;
[47]12;
[2]13;[77]17,[66]15
[56]14;
[27]11;[38]11,[46]14,[0]15,[2]14,[12]14,[60]12,[30]13,[15]14,[39]15,[50]13,[65]14,[63]15
[45]11;
[7]12;
[26]13;[60]12,[30]13,[15]14,[39]15,[50]13,[65]14,[63]15,[18]14
[72]15;[51]15
[57]15;
[70]13;
[50]12;
[79]12;
[74]12;
[11]14;
[9]13;
[5]13;
[42]13;
[31]11;
[28]12;
[39]14;
[4]14;
[16]12;
[67]13;
[61]12;[4]15,[28]13,[52]15
[22]13;
[23]12;[13]14
[21]12;[28]15,[50]15,[23]15,[64]17,[40]14
[1]13;[34]15,[7]13
[8]14;
[73]13;
[63]14;[15]15,[23]14,[10]14,[27]14,[0]17,[43]15,[76]14,[77]17,[60]14,[75]16,[52]16
[65]13;
[6]13;
[29]15;
[38]11;[79]13,[44]15,[8]15,[37]15,[22]14,[38]12,[25]15,[32]15,[3]13,[18]14,[51]15,[62]14,[21]13
[44]14;
[34]14;
[18]13;[68]15,[48]14
[51]14;
[66]13;[47]13
[37]14;
[46]14;[62]14,[21]13
[24]12;
[68]13;
[71]15;
[58]14;
[64]14;
[69]14;
[78]14;
[55]14;
[53]15;[3]15,[15]16
[49]12;[65]16
[77]15;
[41]13;
[13]13;
[62]13;
[52]14;
[25]14;
[3]12;
[32]14;
[76]12;[10]14,[68]15,[27]14,[55]15,[79]15,[18]15,[47]14,[57]18,[76]14,[9]15,[22]16,[75]16,[66]15,[63]17
[0]15;[55]15,[32]17,[13]15,[1]15,[62]16,[65]16,[33]15,[58]17,[27]15
[2]14;[0]17,[43]15,[13]15,[37]17,[22]16,[52]16,[63]17,[20]16,[1]15,[58]17,[64]17
[43]13;[22]15,[53]17,[49]14
[12]14;[40]14,[13]16,[44]17,[34]17
[26]14;
[14]11;
[60]12;[37]17,[9]15,[20]16,[0]18,[10]15,[16]15
[79]13;[57]16,[64]15,[79]14,[0]16,[56]16,[27]13,[61]13,[74]13,[9]14,[71]16,[46]15,[76]13,[26]15,[2]15,[75]15,[66]14,[30]14,[11]16,[39]16,[20]15,[63]16,[31]13,[73]15,[59]15
[36]11;
[44]15;[61]13,[74]13,[9]14,[71]16,[46]15,[76]13,[26]15,[2]15,[75]15,[66]14,[30]14,[11]16,[39]16,[20]15,[63]16,[31]13,[73]15,[59]15
[45]12;
[75]14;
[30]13;[57]18,[62]16
[19]14;
[15]14;[14]14,[9]16,[59]17
[56]15;[65]15,[34]16,[47]14
[8]15;[12]16,[6]15,[49]15,[71]18,[13]16,[63]18
[27]12;
[20]14;
[40]12;
[37]15;[33]15,[12]16,[23]15,[78]17,[0]18,[6]15,[5]16,[71]18,[77]18,[44]17,[9]16,[31]15,[35]16,[34]17
[48]13;
[22]14;[37]19
[39]15;
[38]12;[18]16,[55]17,[4]19
[35]13;
[31]12;
[50]13;
[59]14;
[33]13;
[10]13;
[11]15;
[25]15;
[32]15;
[4]15;
[67]14;
[6]14;
[28]13;[64]16
[3]13;
[65]14;
[63]15;
[73]14;
[70]14;
[57]16;[19]15,[32]16,[57]17,[16]14,[50]14,[51]16,[36]12,[58]16,[38]13,[70]15,[56]17,[69]16,[78]16,[42]15,[40]13
[64]15;[50]14,[51]16,[36]12,[58]16,[38]13,[70]15,[56]17,[69]16,[78]16,[42]15,[40]13
[18]14;
[1]14;
[17]13;
[54]13;
[23]13;
[51]15;
[16]13;[3]15,[50]15,[27]15
[58]15;
[24]13;[41]15
[79]14;
[69]15;
[5]14;
[34]15;
[68]14;
[0]16;
[49]13;
[56]16;
[53]16;
[29]16;
[78]15;
[52]15;
[72]16;
[27]13;
[62]14;
[42]14;
[21]13;
[43]14;
[7]13;
[41]14;
[13]14;
[19]15;[3]14,[62]15,[35]14,[2]16,[17]14,[5]15,[54]14,[14]13,[71]17,[61]14,[46]16,[29]17,[45]14,[30]15,[31]14
[32]16;[17]14,[5]15,[54]14,[14]13,[71]17,[61]14,[46]16,[29]17,[45]14,[30]15,[31]14
[60]13;
[57]17;[50]16,[72]18,[20]17,[76]15,[78]18,[54]15,[13]17,[4]19,[38]15,[3]16,[45]16,[23]16,[46]18,[37]20
[61]13;[78]17,[2]17,[5]16,[26]17,[32]18,[29]18,[47]15,[48]15,[35]16,[59]17,[61]15,[37]19,[33]16,[11]18,[72]18,[52]17
[74]13;
[37]16;
[9]14;[27]17
[14]12;
[47]13;
[71]16;
[12]15;
[45]13;
[77]16;
[46]15;[24]16,[36]14,[27]16,[68]17,[15]17,[14]15,[43]17,[23]16,[30]17
[76]13;
[26]15;[2]17,[14]14,[48]15,[60]15,[50]16,[65]17,[66]16
[16]14;[55]17,[24]16,[36]14,[73]17,[16]16,[68]17,[10]16,[54]15,[5]17,[26]18,[64]18,[51]18,[15]17,[13]17,[14]15,[43]17,[53]19,[45]16,[35]17,[33]17
[2]15;
[75]15;
[22]15;
[66]14;[46]17,[78]18,[5]17
[8]16;[15]16
[30]14;
[11]16;
[39]16;
[20]15;
[63]16;[76]15,[10]16,[64]18,[53]19,[35]17
[31]13;[31]16
[73]15;[18]17
[59]15;[26]17,[32]18,[77]18,[45]15,[29]18,[63]18,[46]17,[31]15,[60]15,[61]15,[33]16,[18]16,[65]17,[52]17,[66]16
[4]16;
[25]16;
[44]16;
[3]14;[4]17,[26]16,[35]15,[59]16,[51]17,[39]17,[38]14,[36]13,[74]14,[24]15,[73]16,[69]17,[53]18,[25]17
[15]15;[49]15,[45]15
[62]15;[59]16,[51]17,[39]17,[38]14,[36]13,[74]14,[24]15,[73]16,[69]17,[53]18,[25]17,[57]19,[67]15
[33]14;
[65]15;
[50]14;[20]17,[16]16,[33]17
[35]14;[68]16,[17]15,[57]19,[67]15
[28]14;
[51]16;[9]17,[72]19,[61]16,[55]18,[1]18
[24]14;
[36]12;[28]17,[2]19,[27]17,[37]21
[53]17;
[23]14;
[58]16;
[38]13;
[70]15;
[10]14;
[68]15;[10]15
[64]16;
[56]17;
[49]14;
[27]14;
[69]16;
[78]16;
[42]15;
[2]16;[77]19,[22]18,[42]17,[2]19,[39]19,[67]17
[40]13;
[55]15;
[41]15;
[0]17;[16]15
[7]14;
[34]16;
[79]15;
[48]14;
[18]15;
[32]17;
[4]17;[4]18,[21]14,[11]17,[37]18,[55]16,[72]17,[56]18,[68]16,[17]15,[79]16,[43]16
[17]14;[77]19,[38]15,[3]16,[22]18,[42]17,[34]18,[72]19,[39]19,[1]18
[47]14;
[57]18;
[5]15;[10]17,[69]19,[41]17,[63]20,[57]22,[2]20
[43]15;
[54]14;[10]17,[51]19,[32]20,[69]19
[14]13;
[13]15;
[26]16;[79]16,[43]16
[76]14;
[77]17;
[37]17;[47]15
[71]17;
[61]14;
[35]15;[32]20,[47]17,[74]16,[56]20,[0]20,[31]17,[6]17,[38]16,[46]19,[50]18,[57]22,[54]16,[12]18,[62]19,[18]18,[52]19
[46]16;
[60]14;
[9]15;
[22]16;
[29]17;
[45]14;
[75]16;
[52]16;
[30]15;
[31]14;
[66]15;
[63]17;
[20]16;
[1]15;
[3]15;
[4]18;[30]16,[1]16,[75]17,[70]16,[42]16,[22]17,[7]15,[62]17,[28]16,[8]17,[69]18,[39]18,[40]15
[62]16;
[59]16;[67]17,[51]19,[41]17,[74]16,[56]20,[0]20,[31]17,[6]17,[38]16,[46]19,[13]18,[25]19,[20]18,[26]19,[12]18,[48]17,[27]18,[62]19
[28]15;
[51]17;[18]18,[30]18
[15]16;
[21]14;[70]16,[42]16,[22]17,[7]15,[62]17,[28]16,[8]17,[69]18,[39]18,[40]15
[65]16;
[50]15;
[33]15;
[39]17;[19]17
[11]17;[36]15,[35]18,[14]17
[38]14;
[37]18;[47]17,[63]20,[13]18,[20]18,[26]19,[35]18,[48]17,[72]20,[30]18,[7]17,[21]17,[19]17
[36]13;
[55]16;[69]20,[24]18
[12]16;[11]18
[23]15;
[74]14;
[72]17;[28]19,[35]19
[58]17;
[24]15;
[73]16;
[27]15;
[69]17;
[53]18;
[78]17;[27]16,[73]17,[51]18,[31]16,[63]19,[44]18,[28]17,[18]17
[64]17;
[0]18;
[40]14;
[2]17;
[56]18;
[6]15;
[25]17;
[10]15;
[68]16;[37]21,[59]19
[16]15;
[30]16;[57]20,[74]15,[32]19,[2]18,[21]15,[67]16,[1]17,[41]16,[75]18,[56]19,[79]17,[47]16,[48]16,[0]19,[17]16,[12]17,[6]16,[25]18
[17]15;[11]19
[5]16;
[1]16;[67]16,[1]17,[41]16,[75]18,[56]19,[79]17,[47]16,[48]16,[0]19,[17]16,[12]17,[6]16,[25]18,[70]17
[57]19;
[67]15;
[75]17;[3]17,[14]17,[44]19,[52]19,[7]17,[22]19,[56]21,[10]18,[74]17,[58]19,[28]19,[39]21,[25]20
[26]17;[26]18,[63]19,[44]18,[37]20,[30]17,[9]17,[61]16,[55]18
[49]15;
[71]18;
[32]18;[46]18
[13]16;
[77]18;
[45]15;
[14]14;
[29]18;
[47]15;
[44]17;
[79]16;
[9]16;
[63]18;
[48]15;
[46]17;
[43]16;
[31]15;
[60]15;
[35]16;
[34]17;
[59]17;
[57]20;[71]19,[76]16,[66]17,[58]18,[40]16,[70]17,[7]16,[57]21,[19]16,[59]18,[52]18,[50]17,[62]18,[65]18,[24]17,[60]16,[68]18,[29]19,[78]19
[61]15;
[70]16;[3]17,[72]20,[44]19,[73]18,[22]19,[51]20,[10]18,[0]21,[74]17,[58]19,[60]17,[49]17,[63]21
[42]16;[36]15,[54]16
[22]17;[27]19
[37]19;
[7]15;[30]19,[3]18
[74]15;[57]21,[19]16,[59]18,[52]18,[50]17,[62]18,[65]18,[24]17,[60]16,[68]18,[29]19,[78]19,[16]17
[33]16;
[32]19;[21]16,[8]18
[11]18;
[50]16;[34]18,[25]19,[50]18
[72]18;
[18]16;
[65]17;
[52]17;
[55]17;[2]20
[62]17;
[20]17;
[66]16;
[76]15;
[28]16;
[8]17;
[78]18;
[2]18;
[69]18;
[21]15;[15]20
[24]16;
[39]18;
[36]14;
[40]15;
[27]16;
[73]17;
[16]16;
[68]17;
[10]16;
[54]15;
[5]17;
[67]16;[51]20,[0]21,[61]18,[49]17,[63]21,[25]20,[31]18,[20]19,[40]18,[15]19,[78]21,[62]20,[33]19,[18]19
[1]17;[79]19
[41]16;
[75]18;
[77]19;[11]19,[27]18
[26]18;
[71]19;[64]19,[14]16,[4]20,[21]16,[23]17,[8]18,[17]17,[16]17,[5]18,[79]18,[66]18,[71]20,[49]16,[40]17,[75]19,[76]17,[33]18
[64]18;
[51]18;
[56]19;[13]19,[31]18,[20]19,[17]18,[79]19,[15]19,[57]23,[30]19,[18]19,[58]20
[15]17;
[79]17;
[47]16;
[13]17;
[48]16;
[4]19;
[0]19;
[14]15;
[31]16;
[76]16;[5]18,[79]18,[66]18,[71]20,[49]16,[40]17,[75]19,[76]17,[33]18
[63]19;
[17]16;
[66]17;[53]20,[15]18
[43]17;
[12]17;
[38]15;[59]19
[6]16;
[3]16;
[53]19;
[45]16;
[44]18;
[25]18;[39]21,[13]19,[61]18,[17]18,[69]20,[40]18,[24]18,[55]19,[27]19,[3]18,[78]21,[36]16
[23]16;
[46]18;
[58]18;
[40]16;
[35]17;
[70]17;
[7]16;
[37]20;
[57]21;[65]20,[29]21,[73]19,[77]21,[19]18
[33]17;
[22]18;
[30]17;
[9]17;
[19]16;
[59]18;[67]18,[62]20,[65]20,[36]16,[46]21,[29]21,[73]19,[77]21,[74]18,[14]18,[19]18,[66]19,[49]18,[52]21
[52]18;
[28]17;
[18]17;
[42]17;
[50]17;
[64]19;[64]20,[9]18,[34]19,[45]17,[61]17,[43]18,[39]20,[28]18,[53]20,[15]18,[65]19,[78]20,[11]20,[42]18,[8]19,[23]18,[70]18,[16]18
[62]18;
[14]16;[65]19,[78]20,[11]20,[42]18,[8]19,[23]18,[70]18,[16]18
[2]19;
[34]18;
[65]18;
[72]19;
[24]17;
[61]16;
[27]17;
[55]18;
[60]16;
[68]18;[11]22,[17]19,[63]22,[29]22
[4]20;[38]18,[79]20,[72]22,[16]20,[29]22,[51]22,[56]23,[77]22,[14]19,[59]21,[2]23
[39]19;
[67]17;[21]17,[56]21,[60]17
[29]19;[0]22
[1]18;
[78]19;[57]23,[67]18,[35]19,[21]18,[33]19,[48]18,[16]19,[43]20,[14]18,[7]19,[66]19,[1]20
[11]19;
[21]16;[4]23,[6]20,[23]20,[74]19,[56]23,[48]19,[70]20
[23]17;
[8]18;
[10]17;
[17]17;
[51]19;
[32]20;[73]18
[69]19;
[41]17;
[16]17;
[47]17;[55]19
[64]20;[47]18,[4]21,[29]20,[41]18,[46]20,[77]20,[53]21,[5]19,[43]19,[6]18,[1]19,[32]21,[45]18,[71]21,[75]20,[9]19,[68]19,[64]21,[37]22
[74]16;
[56]20;
[0]20;
[9]18;[77]20,[5]19,[43]19,[6]18,[1]19,[32]21,[45]18,[71]21,[75]20,[9]19,[68]19,[64]21,[37]22
[34]19;[76]18
[31]17;
[45]17;[68]21,[27]21,[33]21,[7]21
[61]17;
[43]18;
[6]17;
[5]18;[48]18,[46]21,[56]22,[8]20,[53]22,[34]20,[32]22,[5]20,[59]20,[49]18,[1]20,[39]22,[40]19,[25]21,[67]19,[17]19,[37]23,[27]20,[0]22
[38]16;
[36]15;
[79]18;
[37]21;
[66]18;[47]20
[63]20;
[71]20;
[46]19;
[39]20;
[49]16;
[40]17;
[28]18;
[13]18;
[75]19;
[25]19;
[20]18;
[76]17;
[33]18;[21]18,[56]22,[43]20,[8]20,[53]22,[34]20,[32]22,[5]20,[7]19,[45]19,[39]22,[25]21,[11]22,[37]23,[27]20,[75]21
[53]20;[40]19,[15]20
[50]18;
[15]18;[75]21,[4]23,[33]20,[22]21,[3]19,[16]20,[76]19,[23]20,[51]22,[74]19,[48]19,[45]20,[59]21,[8]21
[26]19;
[57]22;
[2]20;
[3]17;[58]20
[59]19;
[54]16;
[35]18;
[12]18;
[48]17;
[27]18;
[62]19;
[18]18;
[65]19;[45]19,[28]21,[9]20,[38]18,[32]23
[14]17;
[72]20;[74]18
[47]18;[11]21,[4]22,[2]21,[7]18,[44]20,[52]20,[22]20,[23]19,[50]19,[10]19,[76]18,[38]17,[12]19,[47]19,[54]17,[72]21,[51]21
[44]19;
[30]18;
[52]19;
[7]17;
[78]20;[79]20
[4]21;[38]17,[12]19,[47]19,[54]17,[72]21,[51]21
[11]20;[64]23
[21]17;
[42]18;
[29]20;
[41]18;
[46]20;
[8]19;
[23]18;
[70]18;[66]20,[26]21,[7]21
[73]18;
[19]17;
[22]19;
[16]18;[67]19,[63]22,[28]21,[9]20,[22]21,[6]20,[72]22,[76]19,[77]22,[32]23,[14]19,[52]22,[8]21,[2]23,[5]21,[64]23
[51]20;[16]19,[59]20
[56]21;
[77]20;[33]20,[5]21,[26]21
[53]21;
[10]18;
[0]21;
[74]17;
[5]19;[11]23
[43]19;[41]21,[39]24
[6]18;[67]20,[12]21,[66]20,[41]20,[78]22,[3]20,[33]21,[38]19,[69]22,[22]22,[36]18,[72]23,[17]20,[43]22,[63]23,[54]19
[58]19;
[60]17;
[1]19;
[28]19;
[11]21;[28]20,[6]19,[60]18,[26]20,[2]22,[44]21,[70]19,[42]19,[31]19,[24]19,[69]21,[71]22,[61]19,[41]19,[13]20,[50]20,[10]20,[55]20
[32]21;
[39]21;[52]21
[4]22;[60]18,[26]20,[2]22,[44]21,[70]19,[42]19,[31]19,[24]19,[69]21,[71]22,[61]19,[41]19,[13]20,[50]20,[10]20,[55]20
[2]21;[2]24,[18]22,[56]24,[53]25,[41]21,[75]23
[7]18;[73]22
[44]20;
[13]19;
[61]18;
[49]17;
[63]21;
[25]20;
[52]20;
[31]18;
[20]19;
[17]18;
[45]18;
[69]20;
[71]21;
[22]20;
[40]18;
[75]20;
[79]19;
[24]18;
[23]19;
[9]19;
[50]19;[41]20,[31]20,[6]21,[9]21,[36]18,[40]21,[16]21,[37]24,[17]20,[76]20,[73]21,[77]23,[43]22,[52]23,[46]23,[45]21
[15]19;
[68]19;
[64]21;
[57]23;
[55]19;
[67]18;
[37]22;[12]21,[49]19,[68]21,[65]22,[21]20,[31]20,[0]23,[78]22,[38]19,[69]22,[9]21,[44]23,[37]24,[63]23
[10]19;
[76]18;
[30]19;
[27]19;
[3]18;
[35]19;
[21]18;[70]20,[67]20,[3]20
[78]21;
[62]20;
[38]17;[40]21,[77]23,[23]21,[52]23
[28]20;[65]21,[35]20,[21]19,[20]20,[18]20,[64]22,[12]20,[57]24,[54]18,[68]20,[58]21,[36]17,[46]22,[53]23,[7]20,[43]21,[62]21
[33]19;
[6]19;[43]21,[62]21
[48]18;[3]19,[52]22,[45]20,[11]23
[12]19;
[65]20;
[18]19;
[36]16;
[47]19;
[46]21;
[29]21;[47]20
[54]17;
[72]21;[2]24,[27]22,[75]23
[51]21;[49]19,[65]22,[21]20,[0]23,[6]21,[72]23,[16]21,[44]23,[73]21,[23]21,[46]23,[54]19,[48]20
[73]19;
[16]19;
[77]21;
[56]22;
[58]20;
[74]18;
[43]20;
[8]20;
[14]18;
[53]22;
[34]20;
[19]18;
[32]22;
[5]20;
[60]18;[48]20,[8]22,[53]25,[65]23,[60]20,[31]21,[61]21,[0]24,[3]21,[24]21,[28]23,[68]22,[73]22,[67]21,[37]25,[46]24,[21]21
[7]19;
[26]20;[52]24,[0]25,[65]24
[66]19;
[59]20;
[2]22;
[49]18;
[44]21;
[52]21;
[70]19;
[65]21;[44]22,[40]20,[58]22,[73]20,[20]21,[30]20,[19]19,[39]23,[1]21,[42]20,[15]21,[60]19,[35]21,[24]20,[61]20,[55]21
[35]20;[20]21,[30]20,[19]19,[39]23,[1]21,[42]20,[15]21,[60]19,[35]21,[24]20,[61]20,[55]21
[1]20;
[21]19;[58]24,[2]25,[19]21,[52]24,[12]23,[78]24,[59]23,[17]21,[10]23,[56]25,[6]23
[20]20;[31]22,[65]24,[6]23,[15]23
[18]20;
[45]19;
[39]22;
[40]19;[27]21
[25]21;
[64]22;
[12]20;
[42]19;
[57]24;
[11]22;
[31]19;
[67]19;[22]22
[24]19;[8]22,[74]20,[60]20,[79]21,[39]24,[10]22,[28]23,[62]23,[36]19,[7]22
[17]19;
[69]21;
[54]18;[31]21,[78]23,[62]23,[29]23,[71]24,[37]25,[22]23,[8]23
[68]20;
[71]22;
[37]23;
[63]22;
[15]20;
[58]21;
[61]19;
[36]17;
[27]20;
[0]22;
[41]19;
[75]21;
[46]22;
[13]20;
[50]20;
[10]20;[67]21,[32]25,[8]23,[59]23,[56]25
[53]23;
[55]20;[76]20,[18]22,[74]20,[27]22,[65]23,[79]21,[61]21,[3]21,[66]21,[78]23,[10]22,[24]21,[55]22,[29]23
[7]20;
[28]21;
[9]20;
[38]18;
[4]23;
[79]20;
[33]20;[45]21
[44]22;[4]24,[57]25,[53]24,[10]21,[18]21,[75]22,[28]22,[34]21,[62]22,[71]23
[22]21;
[3]19;
[6]20;
[40]20;[71]23
[72]22;
[16]20;
[76]19;
[23]20;
[29]22;
[58]22;[19]20
[51]22;
[73]20;[12]23,[40]23,[0]25,[26]22,[20]23,[4]27,[5]24,[7]23,[18]23,[15]23,[61]23,[70]24
[74]19;
[56]23;
[47]20;
[77]22;
[43]21;
[32]23;
[48]19;
[14]19;
[62]21;[66]21,[55]22,[4]26,[7]22,[71]24,[22]23,[32]25,[70]23,[58]24,[2]25,[19]21,[74]21
[70]20;
[52]22;
[45]20;
[59]21;
[20]21;[31]22,[78]24,[26]22,[17]21,[75]24,[20]23,[69]24,[4]27,[73]23,[7]23,[18]23,[37]26,[71]25,[61]23
[30]20;
[19]19;
[4]24;[47]21,[30]21,[58]23,[14]20,[70]21,[1]22,[42]21,[5]22,[4]25,[64]24,[49]20,[51]23,[19]20,[32]24,[59]22,[57]26,[35]22,[11]24,[20]22,[12]22
[39]23;
[57]25;[32]24,[59]22,[57]26,[35]22,[11]24,[20]22,[12]22
[8]21;
[2]23;
[1]21;
[5]21;
[11]23;
[42]20;
[64]23;
[53]24;[75]24,[69]24,[5]24,[68]23,[37]26,[71]25,[22]24,[55]23,[78]25
[10]21;[73]23,[68]23,[14]22,[29]24,[22]24,[55]23,[21]22,[70]24,[0]26
[18]21;[16]24,[50]23
[75]22;[6]24
[28]22;
[67]20;
[12]21;[21]21
[66]20;
[49]19;[56]24,[36]19,[46]24
[68]21;
[15]21;
[65]22;[68]22
[34]21;
[60]19;
[41]20;[0]24,[74]21
[26]21;
[27]21;
[21]20;
[35]21;
[24]20;
[31]20;
[62]22;
[61]20;
[55]21;
[0]23;
[78]22;
[3]20;
[33]21;
[38]19;
[69]22;
[22]22;
[47]21;[16]22,[40]22,[70]22,[25]22,[30]22,[49]21,[50]21,[34]22,[15]22,[69]23,[6]22,[1]23,[44]24,[47]22,[42]22,[5]23,[14]21,[76]21,[38]20,[9]22,[72]24,[43]23,[13]21,[54]20,[33]22
[30]21;[25]22,[15]22,[69]23,[6]22,[1]23,[44]24,[47]22,[42]22,[5]23,[14]21,[76]21,[38]20,[9]22,[72]24,[43]23,[13]21,[54]20,[33]22
[58]23;
[6]21;
[14]20;
[70]21;
[9]21;
[1]22;
[42]21;
[36]18;
[40]21;[4]26
[5]22;
[72]23;
[7]21;
[16]21;
[44]23;
[37]24;
[4]25;
[64]24;[63]26,[14]23,[18]24,[4]28
[71]23;
[17]20;
[76]20;[70]23,[10]23
[49]20;[29]24,[21]22,[67]23,[78]25,[0]26,[12]24,[76]23,[65]25,[43]24,[3]23,[16]24,[26]23,[34]24,[6]24
[73]21;
[77]23;
[43]22;
[23]21;
[51]23;
[52]23;
[63]23;
[46]23;
[19]20;[30]24
[54]19;
[45]21;
[48]20;
[32]24;[45]23,[17]22,[42]24
[2]24;
[18]22;
[8]22;
[59]22;
[16]22;[23]22,[63]24,[61]22,[57]27,[45]22,[41]22,[64]25,[79]22,[25]23,[60]21,[66]22,[3]22,[49]22,[16]23,[28]24,[30]23,[50]22
[74]20;
[27]22;
[57]26;
[40]22;[45]22,[41]22,[64]25,[79]22,[25]23,[60]21,[66]22,[3]22,[49]22,[16]23,[28]24,[30]23,[50]22
[56]24;
[53]25;
[35]22;
[65]23;
[11]24;[11]26,[1]25,[7]24
[41]21;
[60]20;
[70]22;
[31]21;
[79]21;
[61]21;
[75]23;
[20]22;
[0]24;
[3]21;
[66]21;[40]23
[78]23;[14]22
[12]22;[67]23,[12]24,[76]23,[65]25,[75]25,[3]23,[28]25,[42]24
[25]22;[59]24,[75]25,[26]23,[51]25,[34]24,[52]25,[60]22,[20]24,[47]24,[46]26
[30]22;
[49]21;
[39]24;
[10]22;
[24]21;
[50]21;
[34]22;
[15]22;[48]23
[69]23;
[28]23;
[62]23;
[6]22;
[55]22;
[1]23;[38]22,[24]23,[39]27,[28]26,[11]27,[3]24
[44]24;[74]22,[43]24,[9]23,[45]23,[51]25,[72]26,[52]25,[28]25,[60]22,[48]22,[11]26,[47]24,[63]26,[46]26,[15]24,[18]24,[19]22
[68]22;
[47]22;
[42]22;
[23]22;[63]25,[44]25,[36]20,[67]22,[39]25,[24]22,[34]23,[51]24,[76]22,[57]28,[42]23,[48]21,[62]24,[47]23,[11]25,[53]26,[38]21,[46]25,[1]24,[77]24,[13]22
[63]24;[42]23,[48]21,[62]24,[47]23,[11]25,[53]26,[38]21,[46]25,[1]24,[77]24,[13]22
[4]26;
[5]23;
[36]19;
[29]23;
[7]22;
[14]21;
[71]24;
[76]21;
[73]22;
[67]21;
[38]20;
[61]22;[32]26
[37]25;
[9]22;
[22]23;
[72]24;
[57]27;[3]24,[4]29,[69]27,[65]27,[9]25
[46]24;
[43]23;
[21]21;
[13]21;[56]27,[24]23,[13]23,[49]23,[68]25,[27]23,[39]27,[28]26
[54]20;
[33]22;[59]24,[9]23,[17]22,[30]24,[64]26,[72]26,[48]22,[20]24,[14]23,[15]24,[1]25,[4]28,[8]25,[19]22,[32]27,[10]24
[32]25;
[63]25;[72]25,[8]24,[32]26,[36]21,[35]23,[44]26,[25]24,[33]23,[2]26,[41]23,[66]23,[23]23,[79]23,[31]23,[39]26
[8]23;
[44]25;[36]21,[35]23,[44]26,[25]24,[33]23,[2]26,[41]23,[66]23,[23]23,[79]23,[31]23,[39]26
[45]22;[32]27,[54]22,[75]26,[52]26,[69]26,[25]25
[41]22;[4]29,[51]27,[35]25
[36]20;[40]24
[70]23;
[58]24;
[2]25;
[19]21;
[67]22;
[52]24;
[74]21;
[39]25;
[24]22;
[34]23;
[51]24;
[64]25;
[76]22;[36]24
[31]22;[50]23
[12]23;[74]22
[78]24;
[57]28;[20]26,[74]24,[40]26,[43]26,[76]25,[69]27,[14]25
[40]23;
[0]25;
[79]22;
[25]23;[64]26,[7]24,[8]25,[54]22,[56]27,[75]26,[38]22,[70]25
[65]24;
[59]23;
[26]22;
[60]21;
[17]21;
[66]22;
[3]22;
[10]23;
[49]22;
[75]24;
[16]23;
[20]23;
[28]24;[42]26,[53]29
[56]25;
[30]23;[2]27,[64]27,[16]25,[23]24,[52]26,[61]24,[58]26,[68]25,[67]24,[25]25,[44]28,[6]25,[17]23,[26]24,[45]24,[63]27,[48]23
[50]22;[10]24,[13]23,[49]23,[33]24,[2]27,[34]25,[23]24,[61]24,[58]26,[67]24,[69]26,[79]24,[26]24,[45]24,[11]27
[6]23;
[69]24;
[72]25;[54]21,[73]24,[71]26,[53]27,[58]25,[56]26,[62]25,[68]24,[22]25,[55]24,[40]24,[29]25
[4]27;
[73]23;
[5]24;
[42]23;[71]27,[76]24,[44]28,[21]23,[46]27,[1]26,[14]24,[51]27,[35]25
[48]21;[32]29
[7]23;
[18]23;
[68]23;
[62]24;[6]26
[37]26;
[15]23;
[8]24;[29]25
[47]23;
[71]25;
[14]22;
[11]25;
[61]23;
[53]26;
[38]21;
[29]24;
[22]24;
[55]23;
[46]25;
[21]22;
[1]24;[20]26,[19]23,[40]26,[73]27,[76]25,[37]28,[54]23,[32]29,[55]26,[7]26,[12]25,[38]23,[61]25,[14]25
[77]24;
[13]22;[71]27,[34]25,[21]23,[6]25,[17]23,[46]27,[1]26,[14]24
[32]26;[19]23,[73]27,[36]23,[60]23,[52]27,[37]28,[54]23,[7]26,[49]24,[30]26,[56]28,[38]23,[16]26,[3]25,[70]26,[28]27,[24]24,[21]24,[58]27
[70]24;
[54]21;[44]27,[69]25,[73]25,[35]24,[5]25,[77]25,[57]29,[9]24,[65]26,[53]28,[43]25,[66]24,[36]22,[72]27,[74]23
[73]24;[77]25,[57]29,[9]24,[65]26,[53]28,[43]25,[66]24,[36]22,[72]27,[74]23
[67]23;
[36]21;[74]24,[36]23,[60]23,[52]27,[8]27,[65]27,[53]29,[49]24,[16]26,[61]25,[3]25,[70]26,[10]25,[28]27,[24]24,[41]25,[21]24,[48]24,[63]28,[58]27
[35]23;[27]24,[19]24
[44]26;[15]26,[66]26
[78]25;
[71]26;[10]25,[23]25,[34]27,[72]29,[46]28,[5]27,[15]26,[60]24,[11]29
[25]24;[1]28
[0]26;
[12]24;[79]24
[33]23;
[76]23;
[2]26;
[53]27;[23]25,[63]28,[46]28,[1]27,[0]28,[5]27,[36]24,[75]28,[66]26,[73]28,[67]26,[32]30,[13]25,[26]26,[42]27
[58]25;[29]28,[52]28,[22]28
[56]26;[39]29
[65]25;
[62]25;
[74]22;[33]24,[50]24,[27]23
[59]24;[70]25,[64]27,[50]24,[76]24
[68]24;
[43]24;
[9]23;[16]25
[75]25;[63]27
[45]23;
[17]22;
[22]25;
[41]23;
[66]23;
[23]23;
[55]24;
[3]23;
[79]23;
[30]24;
[16]24;
[31]23;
[39]26;
[64]26;
[26]23;
[51]25;
[34]24;
[50]23;
[72]26;
[40]24;
[52]25;
[44]27;[51]26,[62]26,[73]26,[20]25,[40]25,[42]25,[55]25,[30]25,[37]27,[22]26,[78]26,[41]24,[59]25
[28]25;
[69]25;[55]25,[30]25,[37]27,[22]26,[78]26,[41]24,[59]25
[42]24;
[60]22;
[73]25;[29]26,[5]26
[6]24;
[48]22;
[20]24;
[11]26;
[35]24;[72]29,[59]26,[47]26,[30]27,[26]26,[76]26,[12]26
[47]24;
[63]26;
[29]25;[61]26
[14]23;
[46]26;
[15]24;
[18]24;
[5]25;[0]28,[75]28,[73]28,[67]26,[11]29,[40]27,[13]25,[42]27,[19]24,[71]29,[57]32,[63]29
[1]25;
[4]28;
[7]24;
[8]25;
[19]22;
[32]27;[43]26,[6]26
[51]26;[8]26,[7]25,[32]28,[31]24,[62]27,[34]26,[29]26,[5]26,[57]30,[75]27,[66]25,[0]27,[71]28,[2]28,[15]25
[10]24;[42]26
[77]25;[59]26,[32]30,[60]24,[40]27,[76]26,[6]27,[2]29,[65]28,[35]27,[21]25,[34]28
[57]29;[47]26,[52]28,[59]27,[75]29,[50]27
[62]26;[57]30,[75]27,[66]25,[0]27,[71]28,[2]28,[15]25
[73]26;[47]25
[54]22;
[56]27;
[9]24;[70]27,[58]28
[65]26;[3]27
[53]28;
[20]25;[30]27,[10]26,[28]28,[37]29,[56]29,[23]26,[65]28,[21]25,[34]28,[8]28,[63]29,[39]29,[31]26,[59]27,[74]26
[75]26;
[38]22;
[40]25;[37]29,[29]28,[71]29,[2]29,[23]26,[7]27,[57]32,[78]28,[31]26,[68]27,[70]27,[3]27,[38]24,[58]28,[76]27
[43]25;
[66]24;
[24]23;
[70]25;
[71]27;[55]26,[8]27,[30]26,[41]25,[34]27,[48]24
[13]23;
[49]23;
[42]25;[0]29,[15]27,[18]28,[11]30
[33]24;
[36]22;
[2]27;[9]25
[34]25;
[72]27;
[64]27;
[74]23;
[16]25;
[23]24;
[50]24;
[52]26;
[76]24;[12]25,[56]28
[8]26;[72]28,[79]25,[50]25,[17]24,[47]25,[18]25,[11]28,[67]25,[77]26,[13]24,[33]25,[64]28,[26]25,[22]27,[39]28,[44]29,[45]25,[25]26,[62]28,[29]27,[68]26,[51]28
[61]24;
[58]26;
[55]25;[56]29,[78]28,[8]28,[74]26,[44]30,[18]28
[68]25;
[7]25;[67]25,[77]26,[13]24,[33]25,[64]28,[26]25,[22]27,[39]28,[44]29,[45]25,[25]26,[62]28,[29]27,[68]26,[51]28,[78]27
[67]24;
[32]28;[35]26
[69]26;
[30]25;
[37]27;
[79]24;
[25]25;
[44]28;
[21]23;
[6]25;
[31]24;[0]29,[38]24,[76]27,[61]27,[47]27,[26]27,[11]30,[42]28,[40]28
[17]23;
[27]23;
[26]24;
[22]26;
[62]27;[27]25,[61]27,[28]29
[39]27;
[78]26;
[28]26;
[45]24;
[11]27;
[63]27;
[48]23;
[3]24;
[34]26;
[46]27;
[41]24;
[59]25;
[29]26;[68]27,[27]25
[5]26;
[1]26;
[4]29;
[14]24;
[51]27;
[72]28;[57]31,[79]26,[18]26,[20]27,[35]26,[78]27,[74]25,[4]30,[50]26,[69]28,[54]24,[53]30
[35]25;
[57]30;[47]27,[15]27
[75]27;
[79]25;[74]25,[4]30,[50]26,[69]28,[54]24,[53]30,[55]27
[66]25;
[20]26;
[0]27;
[19]23;[1]27,[64]29,[61]26,[6]27,[28]28
[71]28;
[74]24;[64]29,[10]26,[22]28
[40]26;
[73]27;[27]24
[2]28;
[15]25;
[50]25;[55]27
[36]23;
[17]24;
[47]25;[7]27
[43]26;
[76]25;
[18]25;
[11]28;
[67]25;[42]28
[60]23;
[52]27;
[77]26;
[69]27;
[37]28;
[54]23;
[42]26;
[32]29;
[55]26;
[8]27;
[6]26;
[13]24;
[33]25;
[64]28;
[65]27;
[7]26;
[26]25;
[53]29;
[49]24;
[12]25;
[30]26;
[56]28;
[9]25;
[22]27;
[57]31;[3]26,[31]25,[45]26,[18]27,[49]25,[43]27,[77]27,[14]26,[20]28,[16]27
[38]23;
[39]28;
[16]26;
[61]25;
[44]29;
[79]26;[18]27,[49]25,[43]27,[77]27,[14]26,[20]28,[16]27
[3]25;
[70]26;
[45]25;
[10]25;[35]27,[75]29,[1]28
[25]26;
[62]28;[45]26
[28]27;
[23]25;[12]26
[18]26;
[20]27;
[24]24;
[29]27;
[41]25;
[34]27;
[14]25;
[68]26;
[51]28;[26]27
[21]24;
[72]29;
[48]24;
[35]26;
[78]27;
[63]28;
[46]28;
[58]27;
[1]27;
[0]28;[28]29
[5]27;
[3]26;[72]30,[46]29,[66]27,[48]25,[51]29,[73]29,[41]26,[69]29,[4]31,[64]30,[33]26,[9]26,[79]27,[54]25,[62]29,[55]28,[60]25,[32]31
[15]26;
[59]26;[50]27,[44]30,[40]28
[31]25;
[74]25;
[36]24;
[75]28;
[66]26;
[4]30;
[73]28;
[50]26;
[69]28;
[54]24;
[47]26;
[67]26;
[64]29;
[53]30;
[32]30;
[60]24;
[11]29;
[27]24;
[30]27;
[40]27;
[13]25;
[26]26;
[55]27;
[61]26;
[76]26;
[6]27;
[42]27;
[10]26;
[72]30;[67]27,[46]30,[14]27,[37]30
[45]26;
[46]29;[37]30
[19]24;
[28]28;
[37]29;
[18]27;
[49]25;
[56]29;
[29]28;
[66]27;
[12]26;
[43]27;
[77]27;
[48]25;
[52]28;
[51]29;
[22]28;
[73]29;
[14]26;
[41]26;
[69]29;
[71]29;
[2]29;
[23]26;
[4]31;
[7]27;
[65]28;
[64]30;
[57]32;
[35]27;
[33]26;
[9]26;
[79]27;
[54]25;
[21]25;
[78]28;
[62]29;
[34]28;
[20]28;
[55]28;
[8]28;
[63]29;
[16]27;
[39]29;
[60]25;
[32]31;
[67]27;[46]31,[43]28,[39]30,[23]27
[31]26;
[46]30;
[59]27;
[75]29;
[68]27;
[70]27;
[74]26;
[50]27;
[1]28;
[3]27;
[27]25;
[0]29;
[38]24;
[58]28;
[14]27;
[76]27;
[61]27;
[47]27;
[15]27;
[46]31;
[26]27;
[44]30;
[18]28;
[43]28;
[39]30;
[23]27;
[11]30;
[42]28;
[37]30;
[28]29;
[40]28;
