Genesis;[15]1,[17]1,[13]1,[18]1,[11]1,[8]1,[12]1,[19]1,[6]1,[0]1,[1]1,[4]1,[9]1,[10]1,[2]1
[15]1;[3]1,[7]1,[5]1,[8]2,[19]2,[12]2,[13]2,[18]2,[10]2,[11]2,[16]1,[15]2,[1]2
[17]1;[8]2,[19]2,[12]2,[13]2,[18]2,[10]2,[11]2,[16]1,[15]2,[1]2
[13]1;[14]1
[18]1;
[11]1;
[8]1;
[12]1;
[19]1;
[6]1;
[0]1;
[1]1;
[4]1;
[9]1;
[10]1;
[2]1;
[3]1;[0]2,[3]2,[7]2,[17]2,[9]2,[4]2,[14]2,[5]2,[2]2,[6]2,[19]3,[10]3,[13]3,[15]3,[16]2
[7]1;[0]2,[3]2,[7]2,[17]2,[9]2,[4]2,[14]2,[5]2,[2]2,[6]2,[19]3
[5]1;
[14]1;-[15]1
[8]2;[10]3,[13]3,[15]3,[16]2
[19]2;
[12]2;
[13]2;
[18]2;
[10]2;
[11]2;
[16]1;
[15]2;
[1]2;
[0]2;[0]3,[8]3,[7]3,[3]3,[18]3,[4]3,[1]3,[11]3,[17]3,[14]3,[5]3,[2]3,[19]4,[12]3,[13]4,[10]4
[3]2;[0]3,[8]3,[7]3,[3]3,[18]3,[4]3,[1]3,[11]3,[17]3,[14]3,[5]3,[2]3,[19]4,[12]3,[13]4,[10]4
[7]2;[9]3
[17]2;[0]4,[8]4
[9]2;
[4]2;
[14]2;
[5]2;
[2]2;
[6]2;
[19]3;
[10]3;
[13]3;
[15]3;
[16]2;
[0]3;[0]4,[9]3,[8]4,[3]4,[16]3,[1]4,[4]4,[15]4,[6]3,[7]4,[5]4,[11]4,[17]4,[12]4,[19]5,[14]4,[2]4
[8]3;[3]4,[16]3,[1]4,[4]4,[15]4,[6]3,[7]4,[5]4,[11]4,[17]4,[12]4,[19]5,[14]4,[2]4
[7]3;
[3]3;
[18]3;
[4]3;
[1]3;
[11]3;
[17]3;
[14]3;
[5]3;
[2]3;
[19]4;
[12]3;
[13]4;
[10]4;
[0]4;[13]5,[8]5,[0]5,[9]4,[18]4,[4]5,[6]4,[5]5,[16]4,[3]5,[1]5,[15]5,[10]5,[17]5,[11]5,[12]5,[7]5,[14]5,[2]5,[19]6
[9]3;[13]5,[8]5,[0]5,[9]4,[4]5,[6]4
[8]4;
[3]4;[18]4,[5]5,[16]4,[3]5,[1]5,[15]5,[10]5,[17]5,[11]5,[12]5,[7]5,[14]5,[2]5,[19]6
[16]3;
[1]4;
[4]4;
[15]4;
[6]3;
[7]4;
[5]4;
[11]4;
[17]4;
[12]4;
[19]5;
[14]4;
[2]4;
[13]5;[8]6,[13]6,[9]5,[4]6,[16]5,[0]6,[10]6,[1]6,[6]5,[17]6,[15]6,[7]6,[5]6,[3]6,[19]7,[12]6,[2]6
[8]5;[8]6,[13]6,[9]5,[4]6,[16]5,[6]5,[17]6,[15]6
[0]5;
[9]4;
[18]4;[0]6,[10]6,[1]6,[7]6,[3]6,[19]7,[12]6,[2]6
[4]5;
[6]4;
[5]5;
[16]4;
[3]5;
[1]5;[11]6,[18]5,[13]7
[15]5;
[10]5;
[17]5;
[11]5;
[12]5;
[7]5;
[14]5;
[2]5;[5]6
[19]6;[14]6
[8]6;[11]6,[14]6,[18]5,[13]7,[4]7,[9]6,[8]7,[16]6,[10]7,[17]7,[0]7,[15]7,[1]7,[5]7,[7]7,[19]8
[13]6;[4]7,[9]6,[8]7,[16]6,[10]7,[17]7,[0]7,[15]7,[1]7,[5]7,[7]7,[19]8
[9]5;
[4]6;
[16]5;
[0]6;
[10]6;
[1]6;
[6]5;[12]7,[2]7
[17]6;
[15]6;
[7]6;
[5]6;
[3]6;
[19]7;
[12]6;
[2]6;
[11]6;[12]7,[2]7,[3]7,[11]7,[14]7,[13]8,[9]7,[6]6,[8]8,[4]8,[18]6,[16]7,[15]8,[7]8,[17]8,[19]9,[5]8,[1]8
[14]6;[3]7,[11]7,[14]7,[13]8,[9]7,[6]6,[8]8,[18]6,[16]7
[18]5;[10]8
[13]7;
[4]7;[4]8,[15]8,[7]8,[17]8,[19]9,[5]8,[1]8
[9]6;
[8]7;
[16]6;
[10]7;
[17]7;
[0]7;
[15]7;
[1]7;
[5]7;
[7]7;
[19]8;
[12]7;[10]8,[0]8,[12]8,[2]8,[3]8,[13]9,[11]8,[9]8,[8]9,[6]7,[18]7,[4]9,[19]10,[15]9
[2]7;[0]8,[12]8,[3]8,[13]9,[4]9,[19]10
[3]7;[2]8,[11]8,[9]8,[8]9,[6]7,[18]7
[11]7;
[14]7;
[13]8;
[9]7;
[6]6;
[8]8;
[4]8;[5]9,[7]9
[18]6;
[16]7;
[15]8;
[7]8;
[17]8;
[19]9;
[5]8;[15]9
[1]8;[10]9
[10]8;[10]9,[5]9,[7]9,[16]8,[0]9,[2]9,[12]9,[14]8,[1]9,[17]9,[11]9,[8]10,[3]9,[13]10,[6]8
[0]8;[16]8,[0]9,[2]9,[12]9,[14]8,[1]9,[17]9,[11]9,[8]10,[3]9,[13]10,[6]8
[12]8;
[2]8;
[3]8;
[13]9;
[11]8;
[9]8;
[8]9;
[6]7;
[18]7;
[4]9;
[19]10;
[15]9;
[10]9;[5]10,[7]10,[4]10,[10]10,[16]9,[2]10,[0]10,[19]11,[9]9,[11]10,[18]8,[15]10,[17]10,[14]9,[6]9,[3]10
[5]9;[5]10,[7]10,[4]10
[7]9;
[16]8;[10]10,[16]9,[2]10,[0]10,[19]11,[9]9,[11]10,[18]8,[15]10,[17]10,[14]9,[6]9,[3]10,[1]10,[5]11,[12]10,[13]11,[8]11
[0]9;
[2]9;
[12]9;
[14]8;
[1]9;
[17]9;
[11]9;
[8]10;
[3]9;
[13]10;
[6]8;
[5]10;[1]10,[5]11,[12]10,[13]11,[8]11,[4]11,[7]11,[10]11,[2]11,[0]11,[16]10,[9]10,[19]12,[15]11,[18]9,[11]11,[17]11,[6]10
[7]10;[4]11,[7]11,[2]11
[4]10;
[10]10;[10]11,[0]11,[16]10,[9]10,[19]12,[15]11,[18]9,[11]11,[17]11,[6]10,[1]11,[12]11
[16]9;
[2]10;
[0]10;
[19]11;
[9]9;
[11]10;
[18]8;
[15]10;
[17]10;
[14]9;
[6]9;
[3]10;
[1]10;[1]11,[12]11,[8]12,[5]12,[14]10,[7]12,[10]12,[4]12,[0]12,[3]11,[18]10,[16]11
[5]11;[8]12,[14]10,[7]12,[10]12,[4]12,[0]12,[3]11
[12]10;
[13]11;
[8]11;
[4]11;
[7]11;
[10]11;[5]12,[18]10,[16]11,[6]11,[12]12
[2]11;
[0]11;[11]12,[15]12
[16]10;
[9]10;
[19]12;
[15]11;
[18]9;
[11]11;
[17]11;
[6]10;[9]11
[1]11;[11]12,[9]11,[6]11,[15]12,[12]12,[13]12,[8]13,[1]12,[2]12,[19]13,[7]13,[14]11,[10]13,[4]13,[17]12,[5]13,[0]13
[12]11;[13]12,[8]13,[1]12,[2]12,[19]13,[14]11,[10]13,[17]12,[0]13
[8]12;[7]13,[4]13,[5]13
[5]12;[7]14,[0]15
[14]10;
[7]12;
[10]12;
[4]12;
[0]12;
[3]11;
[18]10;
[16]11;
[11]12;[18]11,[12]13,[13]13,[9]12,[3]12,[11]13,[1]13,[15]13,[16]12,[8]14,[19]14,[2]13,[6]12,[0]14
[9]11;[18]11,[12]13,[13]13,[9]12,[3]12,[11]13,[1]13,[15]13,[16]12,[8]14,[19]14,[2]13,[6]12
[6]11;
[15]12;
[12]12;
[13]12;
[8]13;
[1]12;
[2]12;[0]14,[14]12
[19]13;
[7]13;
[14]11;
[10]13;
[4]13;
[17]12;
[5]13;
[0]13;
[18]11;[14]12,[10]14,[4]14,[5]14,[18]12,[9]13,[13]14,[3]13,[12]14,[7]14,[11]14,[17]13,[1]14,[16]13,[15]14,[2]14,[19]15,[6]13,[8]15
[12]13;[10]14,[4]14,[5]14,[18]12,[9]13,[13]14,[3]13,[12]14,[11]14,[17]13,[1]14,[16]13,[15]14,[2]14,[19]15,[6]13,[8]15
[13]13;[14]13
[9]12;
[3]12;
[11]13;
[1]13;
[15]13;
[16]12;
[8]14;
[19]14;
[2]13;
[6]12;
[0]14;
[14]12;[0]15,[14]13,[4]15,[5]15,[18]13,[13]15,[10]15,[12]15,[9]14,[11]15,[3]14,[17]14,[16]14,[7]15,[1]15,[2]15,[15]15,[19]16,[6]14
[10]14;[4]15,[5]15,[18]13,[13]15,[10]15,[12]15,[9]14,[11]15,[3]14,[17]14,[16]14,[7]15,[1]15,[2]15,[15]15,[19]16,[6]14,[0]16,[14]14
[4]14;
[5]14;
[18]12;
[9]13;
[13]14;
[3]13;
[12]14;
[7]14;[11]22,[5]22,[17]21,[0]22,[10]22,[12]22
[11]14;
[17]13;
[1]14;
[16]13;
[15]14;
[2]14;
[19]15;
[6]13;
[8]15;
[0]15;[0]16,[14]14,[5]16,[18]14,[13]16,[3]15,[16]15,[9]15,[8]16,[7]16,[10]16,[2]16,[1]16,[11]16,[15]16
[14]13;
[4]15;[5]16,[18]14,[13]16,[3]15,[16]15,[9]15,[8]16,[7]16,[10]16,[2]16,[1]16,[11]16,[15]16,[0]17,[6]15,[4]16
[5]15;
[18]13;
[13]15;
[10]15;
[12]15;
[9]14;
[11]15;
[3]14;
[17]14;
[16]14;
[7]15;
[1]15;
[2]15;
[15]15;
[19]16;
[6]14;
[0]16;[0]17,[6]15,[4]16,[17]15,[14]15,[19]17,[5]17,[9]16,[3]16,[16]16,[1]17,[8]17,[7]17,[18]15,[10]17
[14]14;[5]17
[5]16;[17]15,[14]15,[19]17,[9]16,[3]16,[16]16,[1]17,[8]17,[7]17,[18]15,[10]17,[12]16,[15]17,[11]17,[6]16
[18]14;
[13]16;
[3]15;
[16]15;
[9]15;
[8]16;
[7]16;
[10]16;
[2]16;
[1]16;
[11]16;
[15]16;
[0]17;[12]16,[15]17,[11]17,[6]16,[13]17,[14]16,[4]17,[17]16,[2]17,[19]18,[0]18,[8]18,[7]18,[5]18,[16]17,[10]18,[3]17
[6]15;
[4]16;
[17]15;[13]17,[14]16,[4]17,[17]16,[2]17,[19]18,[0]18,[8]18,[7]18,[5]18,[16]17,[10]18,[3]17,[12]17
[14]15;
[19]17;
[5]17;
[9]16;
[3]16;
[16]16;
[1]17;
[8]17;
[7]17;
[18]15;
[10]17;
[12]16;[12]17,[1]18,[18]16,[9]17,[11]18,[13]18,[17]17,[4]18,[15]18,[6]17,[0]19,[2]18,[14]17,[16]18,[5]19,[3]18
[15]17;
[11]17;
[6]16;
[13]17;[1]18,[18]16,[9]17,[11]18,[13]18,[17]17,[4]18,[15]18,[6]17,[0]19,[2]18,[14]17,[16]18,[5]19,[3]18,[19]19,[12]18
[14]16;
[4]17;
[17]16;
[2]17;
[19]18;
[0]18;
[8]18;
[7]18;
[5]18;
[16]17;
[10]18;
[3]17;
[12]17;[19]19,[12]18,[18]17,[9]18,[7]19,[13]19,[4]19,[10]19,[11]19,[17]18,[8]19,[6]18,[1]19,[15]19,[16]19,[5]20,[2]19,[14]18
[1]18;[18]17,[9]18,[7]19,[13]19,[4]19,[10]19,[11]19,[17]18,[8]19,[6]18,[1]19,[15]19,[16]19,[5]20,[2]19,[14]18,[3]19,[19]20
[18]16;
[9]17;
[11]18;
[13]18;
[17]17;
[4]18;
[15]18;
[6]17;
[0]19;
[2]18;
[14]17;
[16]18;
[5]19;
[3]18;
[19]19;[3]19,[19]20,[17]19,[11]20,[8]20,[6]19,[4]20,[1]20,[0]20,[10]20,[15]20
[12]18;[18]18
[18]17;[18]18,[12]19,[7]20,[13]20,[17]19,[11]20,[8]20,[6]19,[4]20,[1]20,[0]20,[10]20,[15]20
[9]18;[12]19,[7]20,[13]20
[7]19;
[13]19;
[4]19;
[10]19;
[11]19;
[17]18;
[8]19;
[6]18;
[1]19;
[15]19;
[16]19;
[5]20;
[2]19;
[14]18;
[3]19;[16]20,[19]21,[2]20,[9]19,[11]21,[6]20,[8]21,[1]21,[5]21,[0]21,[10]21,[4]21,[14]19,[15]21
[19]20;[12]20
[18]18;[16]20,[19]21,[2]20,[12]20,[7]21,[18]19,[17]20,[3]20,[9]19,[13]21,[11]21,[6]20,[8]21,[1]21,[5]21,[0]21,[10]21,[4]21,[14]19,[15]21
[12]19;[7]21,[18]19,[17]20,[3]20,[13]21
[7]20;
[13]20;
[17]19;
[11]20;
[8]20;
[6]19;
[4]20;
[1]20;
[0]20;
[10]20;
[15]20;
[16]20;[18]20,[12]21,[9]20,[6]21,[7]22,[2]21,[3]21,[16]21,[13]22,[19]22,[4]22,[11]22,[5]22,[17]21,[1]22,[0]22,[10]22
[19]21;[18]20,[12]21,[9]20,[6]21,[7]22,[3]21,[16]21,[13]22
[2]20;[2]21
[12]20;
[7]21;
[18]19;
[17]20;
[3]20;
[9]19;
[13]21;[19]22,[4]22
[11]21;[14]20
[6]20;
[8]21;
[1]21;
[5]21;
[0]21;
[10]21;
[4]21;
[14]19;
[15]21;[1]22
[18]20;[14]20,[12]22,[9]21,[8]22,[6]22,[16]22,[3]22,[13]23,[15]22,[7]23,[2]22,[11]23,[4]23,[17]22
[12]21;[9]21,[8]22,[6]22,[16]22,[3]22,[13]23,[15]22,[7]23,[11]23,[4]23,[17]22
[9]20;
[6]21;
[7]22;
[2]21;
[3]21;
[16]21;
[13]22;
[19]22;
[4]22;
[11]22;[2]22,[14]21
[5]22;
[17]21;
[1]22;
[0]22;
[10]22;[0]23,[1]23,[18]21
[14]20;[14]21,[0]23,[1]23,[18]21,[8]23,[9]22,[6]23,[16]23,[10]23,[19]23,[13]24,[5]23,[12]23,[7]24,[2]23,[11]24,[3]23
[12]22;[8]23,[9]22,[6]23,[16]23,[10]23
[9]21;[19]23,[13]24,[5]23,[12]23,[7]24,[2]23,[11]24,[3]23
[8]22;
[6]22;
[16]22;
[3]22;
[13]23;
[15]22;
[7]23;
[2]22;[12]24
[11]23;
[4]23;
[17]22;
[14]21;[0]24,[18]22,[1]24,[14]22,[4]24,[6]24,[15]23,[17]23,[10]24,[9]23,[16]24,[5]24,[8]24,[12]24,[11]25,[7]25,[19]24
[0]23;[0]24,[18]22,[1]24,[14]22,[4]24,[6]24,[15]23,[17]23,[10]24,[9]23,[16]24,[5]24,[8]24
[1]23;
[18]21;
[8]23;
[9]22;
[6]23;
[16]23;
[10]23;[7]25
[19]23;
[13]24;
[5]23;
[12]23;
[7]24;
[2]23;
[11]24;
[3]23;[11]25,[19]24
[0]24;[3]24,[0]25,[4]25,[1]25,[13]25,[2]24,[14]23,[15]24,[6]25,[18]23,[17]24,[10]25,[16]25,[5]25,[12]25,[9]24,[7]26,[11]26
[18]22;[3]24,[0]25,[4]25,[1]25,[13]25,[2]24,[14]23,[15]24,[6]25,[18]23,[17]24,[10]25,[16]25,[5]25,[12]25
[1]24;
[14]22;
[4]24;
[6]24;
[15]23;
[17]23;
[10]24;[11]26
[9]23;
[16]24;
[5]24;
[8]24;
[12]24;[9]24,[7]26,[3]25,[8]25
[11]25;
[7]25;
[19]24;
[3]24;[3]25,[1]26,[19]25,[4]26,[13]26,[0]26,[8]25,[18]24,[17]25,[2]25,[5]26,[6]26,[14]24,[12]26
[0]25;[1]26,[19]25,[4]26,[13]26,[0]26,[18]24,[17]25,[2]25,[5]26,[6]26
[4]25;
[1]25;
[13]25;
[2]24;
[14]23;
[15]24;
[6]25;[14]24,[12]26
[18]23;
[17]24;
[10]25;
[16]25;
[5]25;
[12]25;
[9]24;[7]28,[11]28
[7]26;
[11]26;
[3]25;[3]26,[9]25,[10]26,[19]26,[16]26,[13]27,[7]27,[1]27,[4]27,[11]27,[0]27,[6]27,[2]26,[17]26,[14]25
[1]26;[3]26,[9]25,[10]26,[19]26,[16]26,[13]27,[7]27,[1]27,[4]27,[11]27,[0]27,[6]27,[2]26,[17]26,[14]25
[19]25;[15]25
[4]26;
[13]26;
[0]26;
[8]25;
[18]24;
[17]25;
[2]25;
[5]26;
[6]26;
[14]24;
[12]26;
[3]26;[15]25,[5]27,[19]27,[13]28,[3]27,[7]28,[18]25,[10]27,[12]27,[8]26,[1]28,[16]27,[0]28,[11]28,[9]26,[4]28,[6]28
[9]25;[5]27,[19]27,[13]28,[3]27,[18]25,[10]27,[12]27,[8]26,[1]28,[16]27,[0]28,[9]26,[4]28,[6]28
[10]26;[14]26,[15]26
[19]26;
[16]26;
[13]27;
[7]27;
[1]27;
[4]27;
[11]27;
[0]27;
[6]27;
[2]26;
[17]26;
[14]25;
[15]25;[14]26,[15]26,[3]28,[2]27,[17]27,[12]28,[7]29,[18]26,[5]28,[10]28,[1]29,[8]27,[16]28,[0]29,[4]29,[19]28,[13]29,[9]27,[11]29
[5]27;[3]28,[2]27,[17]27,[12]28,[7]29,[18]26,[5]28,[10]28,[1]29,[8]27,[16]28,[0]29,[4]29,[19]28,[13]29,[9]27,[11]29,[6]29
[19]27;
[13]28;
[3]27;
[7]28;[15]27
[18]25;
[10]27;
[12]27;
[8]26;
[1]28;
[16]27;
[0]28;
[11]28;
[9]26;
[4]28;
[6]28;
[14]26;[6]29,[15]27,[14]27,[3]29,[12]29,[5]29,[2]28,[17]28,[8]28,[0]30,[18]27,[7]30,[16]29,[10]29,[19]29,[1]30,[13]30
[15]26;[14]27
[3]28;[3]29,[12]29,[5]29,[2]28,[17]28,[8]28,[0]30,[18]27,[7]30,[16]29,[10]29,[19]29,[1]30,[13]30,[9]28,[6]30
[2]27;
[17]27;
[12]28;
[7]29;
[18]26;
[5]28;
[10]28;
[1]29;
[8]27;
[16]28;
[0]29;
[4]29;
[19]28;
[13]29;
[9]27;
[11]29;
[6]29;[9]28,[6]30,[4]30,[15]28,[3]30,[14]28,[0]31,[2]29,[11]30,[12]30,[17]29,[18]28,[7]31,[8]29,[13]31,[5]30,[19]30
[15]27;[4]30,[3]30,[14]28
[14]27;
[3]29;[15]28,[0]31,[2]29,[11]30,[12]30,[17]29,[18]28,[7]31,[8]29,[13]31,[5]30,[19]30,[16]30,[1]31,[9]29,[6]31,[10]30
[12]29;
[5]29;
[2]28;
[17]28;
[8]28;
[0]30;
[18]27;
[7]30;
[16]29;
[10]29;
[19]29;
[1]30;
[13]30;
[9]28;[16]30,[1]31,[9]29,[6]31,[10]30,[2]30,[0]32,[12]31,[14]29,[18]29,[4]31,[15]29,[8]30,[11]31,[7]32
[6]30;
[4]30;[8]41
[15]28;[2]30,[0]32,[12]31,[14]29,[18]29,[4]31,[15]29,[8]30,[11]31,[7]32,[1]32,[13]32,[9]30,[16]31,[5]31,[19]31,[10]31,[3]31,[6]32
[3]30;
[14]28;
[0]31;
[2]29;
[11]30;
[12]30;
[17]29;
[18]28;
[7]31;
[8]29;
[13]31;
[5]30;
[19]30;
[16]30;[1]32,[13]32,[9]30,[16]31,[5]31,[19]31,[10]31,[3]31,[6]32,[12]32,[4]32,[15]30,[11]32,[0]33,[2]31
[1]31;
[9]29;
[6]31;
[10]30;
[2]30;[12]32,[4]32,[15]30,[11]32,[0]33,[2]31,[7]33,[17]30,[5]32,[13]33,[19]32,[14]30,[9]31,[10]32,[3]32,[8]31,[16]32,[6]33,[18]30,[1]33
[0]32;
[12]31;
[14]29;
[18]29;
[4]31;
[15]29;
[8]30;
[11]31;
[7]32;
[1]32;[7]33,[17]30,[5]32,[13]33,[19]32,[14]30,[9]31,[10]32,[3]32,[8]31,[16]32,[6]33,[18]30,[1]33,[12]33,[11]33,[15]31
[13]32;
[9]30;
[16]31;
[5]31;
[19]31;
[10]31;
[3]31;
[6]32;
[12]32;[12]33,[11]33,[15]31,[4]33,[13]34,[14]31,[9]32,[8]32,[2]32,[18]31,[17]31,[3]33,[1]34,[16]33
[4]32;
[15]30;
[11]32;
[0]33;
[2]31;
[7]33;[4]33,[13]34,[14]31,[9]32,[8]32,[2]32,[18]31,[17]31,[3]33,[1]34,[16]33,[19]33,[12]34,[10]33,[0]34,[11]34,[15]32
[17]30;
[5]32;
[13]33;
[19]32;
[14]30;
[9]31;
[10]32;
[3]32;
[8]31;
[16]32;
[6]33;
[18]30;
[1]33;
[12]33;[19]33,[12]34,[10]33,[0]34,[11]34,[15]32,[13]35,[7]34,[8]33,[6]34,[5]33,[9]33,[4]34,[1]35,[14]32,[16]34
[11]33;
[15]31;
[4]33;[13]35,[7]34,[8]33,[6]34,[5]33,[9]33,[4]34,[1]35,[14]32,[16]34,[19]34,[18]32,[11]35,[10]34,[0]35
[13]34;
[14]31;
[9]32;
[8]32;
[2]32;
[18]31;
[17]31;
[3]33;
[1]34;
[16]33;
[19]33;[19]34,[18]32,[11]35,[10]34,[0]35,[15]33,[13]36,[6]35,[3]34,[8]34,[12]35,[14]33,[7]35,[5]34,[4]35,[9]34
[12]34;
[10]33;
[0]34;
[11]34;
[15]32;
[13]35;[15]33,[13]36,[6]35,[3]34,[8]34,[12]35,[14]33,[7]35,[5]34,[4]35,[9]34,[16]35,[2]33,[1]36,[11]36,[17]32,[10]35
[7]34;
[8]33;
[6]34;
[5]33;
[9]33;
[4]34;
[1]35;
[14]32;
[16]34;
[19]34;[16]35,[2]33,[1]36,[11]36,[17]32,[10]35,[18]33,[0]36,[6]36,[8]35,[4]36,[14]34
[18]32;
[11]35;
[10]34;
[0]35;
[15]33;[18]33,[0]36,[15]34,[19]35,[6]36,[3]35,[8]35,[4]36,[14]34,[16]36,[13]37,[2]34,[5]35,[1]37,[7]36,[9]35,[12]36,[10]36,[11]37
[13]36;[15]34,[19]35,[3]35
[6]35;
[3]34;
[8]34;
[12]35;
[14]33;
[7]35;
[5]34;
[4]35;
[9]34;
[16]35;[16]36,[13]37,[2]34,[5]35,[9]35,[12]36,[10]36,[11]37,[0]37,[18]34,[17]33,[3]36,[8]36,[14]35
[2]33;[1]37,[7]36
[1]36;
[11]36;
[17]32;
[10]35;
[18]33;[0]37,[18]34,[17]33,[19]36,[3]36,[8]36,[14]35,[2]35,[4]37,[5]36,[15]35,[13]38,[7]37,[16]37,[10]37,[6]37
[0]36;[19]36
[15]34;
[19]35;
[6]36;
[3]35;
[8]35;
[4]36;
[14]34;
[16]36;[2]35,[4]37,[5]36,[15]35,[13]38,[7]37,[16]37,[10]37,[6]37,[18]35,[19]37,[0]38,[12]37,[11]38,[3]37,[8]37
[13]37;
[2]34;
[5]35;
[1]37;
[7]36;
[9]35;
[12]36;
[10]36;
[11]37;
[0]37;[18]35,[9]36,[1]38,[19]37,[17]34,[0]38,[12]37,[11]38,[3]37,[8]37,[14]36,[5]37,[4]38,[7]38,[16]38,[2]36
[18]34;[9]36,[1]38,[17]34
[17]33;
[19]36;
[3]36;
[8]36;
[14]35;
[2]35;[14]36,[5]37,[4]38,[7]38,[16]38,[2]36,[13]39,[10]38,[15]36,[9]37,[17]35,[19]38,[3]38,[11]39,[6]38,[12]38
[4]37;
[5]36;
[15]35;
[13]38;
[7]37;
[16]37;
[10]37;
[6]37;
[18]35;[13]39,[10]38,[15]36,[0]39,[1]39,[9]37,[17]35,[18]36,[19]38,[3]38,[11]39,[6]38,[12]38,[8]38,[16]39,[4]39
[9]36;[0]39,[1]39,[18]36
[1]38;
[19]37;
[17]34;
[0]38;
[12]37;
[11]38;
[3]37;
[8]37;
[14]36;[8]38,[16]39,[4]39,[14]37,[5]38,[7]39,[0]40,[1]40,[6]39,[11]40,[9]38,[3]39,[19]39,[18]37,[12]39
[5]37;
[4]38;
[7]38;
[16]38;
[2]36;
[13]39;[14]37,[5]38,[7]39,[0]40,[13]40,[2]37,[15]37,[1]40,[6]39,[11]40,[9]38,[3]39,[19]39,[18]37,[12]39
[10]38;[13]40,[2]37,[15]37
[15]36;
[0]39;
[1]39;
[9]37;
[17]35;
[18]36;
[19]38;
[3]38;
[11]39;
[6]38;
[12]38;
[8]38;[4]40,[13]41,[10]39,[8]39,[1]41,[14]38,[17]36,[6]40,[9]39,[12]40,[3]40
[16]39;
[4]39;
[14]37;[4]40,[5]39,[16]40,[7]40,[0]41,[15]38,[13]41,[10]39,[8]39,[1]41,[14]38,[17]36,[6]40,[2]38,[9]39,[12]40,[3]40
[5]38;[5]39,[16]40,[7]40,[0]41,[15]38,[2]38
[7]39;[4]41
[0]40;[5]40
[13]40;
[2]37;
[15]37;
[1]40;
[6]39;
[11]40;
[9]38;
[3]39;
[19]39;
[18]37;
[12]39;
[4]40;[4]41,[5]40,[19]40,[16]41,[0]42,[11]41,[1]42,[10]40,[18]38,[15]39,[13]42,[6]41,[7]41,[17]37,[8]40,[2]39,[9]40,[3]41,[12]41
[5]39;[19]40,[16]41,[0]42,[11]41,[1]42,[10]40,[18]38,[15]39,[13]42,[7]41,[17]37,[8]40,[2]39
[16]40;
[7]40;
[0]41;
[15]38;
[13]41;[6]41
[10]39;
[8]39;
[1]41;
[14]38;
[17]36;
[6]40;
[2]38;
[9]39;
[12]40;
[3]40;[9]40,[3]41,[12]41,[4]42
[4]41;[4]42,[19]41,[0]43,[1]43,[11]42,[18]39,[5]41,[14]39,[7]42,[15]40,[2]40,[10]41,[17]38,[3]42,[13]43,[8]41
[5]40;[19]41
[19]40;[0]43,[1]43,[11]42,[18]39,[5]41,[14]39,[7]42,[15]40,[2]40,[17]38
[16]41;
[0]42;
[11]41;
[1]42;
[10]40;
[18]38;
[15]39;[10]41,[4]43,[9]41,[6]42
[13]42;
[6]41;
[7]41;
[17]37;
[8]40;
[2]39;
[9]40;
[3]41;[3]42
[12]41;[13]43,[12]42,[19]42
[4]42;[4]43,[9]41,[6]42,[12]42,[19]42,[0]44,[11]43,[14]40,[1]44,[2]41,[10]42
[19]41;[0]44,[14]40
[0]43;[11]43,[1]44,[2]41,[10]42,[4]44,[8]42,[16]42
[1]43;
[11]42;
[18]39;
[5]41;
[14]39;
[7]42;
[15]40;
[2]40;
[10]41;
[17]38;
[3]42;
[13]43;
[8]41;
[4]43;[4]44,[8]42,[16]42,[17]39,[13]44,[5]42,[18]40,[15]41,[9]42,[7]43,[6]43,[0]45,[12]43,[3]43,[19]43,[14]41,[1]45,[2]42,[11]44
[9]41;[17]39,[13]44,[5]42,[18]40,[15]41,[9]42,[7]43,[6]43,[0]45,[12]43,[3]43,[19]43,[14]41,[1]45,[2]42,[11]44
[6]42;
[12]42;
[19]42;
[0]44;
[11]43;
[14]40;
[1]44;
[2]41;
[10]42;
[4]44;[10]43,[18]41,[13]45,[4]45,[16]43,[5]43,[7]44,[6]44,[8]43,[17]40,[15]42,[3]44,[9]43,[0]46,[12]44,[19]44,[1]46,[11]45,[14]42
[8]42;[10]43,[4]45,[16]43
[16]42;
[17]39;[18]41,[13]45,[5]43,[7]44,[6]44,[8]43,[17]40,[15]42,[3]44,[9]43,[0]46,[12]44,[19]44,[1]46,[11]45,[14]42
[13]44;
[5]42;
[18]40;
[15]41;
[9]42;
[7]43;
[6]43;
[0]45;
[12]43;
[3]43;
[19]43;
[14]41;
[1]45;
[2]42;
[11]44;
[10]43;[10]44,[5]44,[13]46,[18]42,[6]45,[17]41,[8]44,[2]43,[15]43,[16]44,[9]44,[4]46,[3]45,[0]47,[7]45,[12]45,[1]47,[11]46,[14]43,[19]45
[18]41;[10]44,[5]44,[13]46,[18]42,[6]45,[17]41,[8]44,[2]43,[15]43,[16]44,[9]44,[4]46,[3]45,[0]47,[7]45,[12]45,[1]47,[11]46,[14]43,[19]45
[13]45;[10]45
[4]45;
[16]43;
[5]43;
[7]44;
[6]44;
[8]43;
[17]40;
[15]42;
[3]44;
[9]43;
[0]46;
[12]44;
[19]44;
[1]46;
[11]45;
[14]42;
[10]44;[10]45,[13]47,[18]43,[6]46,[17]42,[8]45,[3]46,[15]44,[9]45,[4]47,[5]45,[12]46,[1]48,[2]44,[19]46,[16]45
[5]44;[13]47,[18]43,[6]46,[17]42,[8]45,[3]46,[15]44,[9]45,[4]47,[5]45,[12]46
[13]46;
[18]42;
[6]45;
[17]41;
[8]44;
[2]43;
[15]43;[1]48
[16]44;
[9]44;[2]44
[4]46;
[3]45;
[0]47;
[7]45;
[12]45;
[1]47;
[11]46;
[14]43;
[19]45;[19]46,[16]45,[0]48,[11]47,[7]46,[14]44
[10]45;[0]48,[11]47,[7]46,[14]44,[6]47,[13]48,[18]44,[8]46,[3]47,[4]48,[5]46,[12]47,[1]49,[9]46,[2]45
[13]47;[6]47,[13]48,[18]44,[8]46,[3]47,[4]48,[5]46,[12]47,[1]49,[9]46,[2]45
[18]43;[19]47
[6]46;
[17]42;
[8]45;
[3]46;
[15]44;
[9]45;
[4]47;
[5]45;
[12]46;
[1]48;
[2]44;
[19]46;
[16]45;
[0]48;[19]47,[16]46,[14]45,[7]47,[0]49,[15]45,[6]48,[11]48,[10]46,[18]45,[8]47,[5]47,[3]48,[17]43,[4]49,[2]46
[11]47;[16]46,[14]45,[7]47,[0]49,[15]45,[6]48,[11]48,[10]46,[18]45,[17]43
[7]46;[12]48
[14]44;
[6]47;[8]47,[5]47,[3]48,[4]49,[2]46
[13]48;
[18]44;
[8]46;
[3]47;
[4]48;
[5]46;
[12]47;
[1]49;
[9]46;
[2]45;
[19]47;[12]48,[13]49,[16]47,[0]50,[10]47,[11]49,[1]50,[9]47,[6]49,[5]48,[7]48,[15]46,[18]46,[8]48,[14]46
[16]46;[13]49,[16]47,[0]50,[10]47,[11]49,[1]50,[9]47,[6]49,[5]48,[7]48,[15]46,[18]46,[8]48,[14]46,[3]49
[14]45;
[7]47;
[0]49;
[15]45;
[6]48;
[11]48;
[10]46;
[18]45;
[8]47;
[5]47;
[3]48;
[17]43;
[4]49;
[2]46;
[12]48;[3]49,[2]47,[13]50,[0]51,[1]51,[17]44,[10]48,[9]48,[16]48,[5]49,[11]50,[4]50,[6]50,[7]49,[15]47,[14]47,[18]47,[8]49
[13]49;[2]47,[13]50,[0]51,[1]51,[17]44,[10]48,[9]48,[16]48,[5]49,[11]50,[4]50,[6]50,[7]49,[15]47,[14]47,[18]47,[8]49,[19]48
[16]47;
[0]50;
[10]47;
[11]49;
[1]50;
[9]47;
[6]49;
[5]48;
[7]48;
[15]46;
[18]46;
[8]48;
[14]46;
[3]49;[19]48,[2]48,[0]52,[1]52,[17]45,[12]49,[9]49,[3]50,[10]49,[5]50,[11]51,[13]51,[7]50,[8]50,[4]51
[2]47;[2]48,[0]52,[1]52,[17]45,[12]49,[9]49,[3]50,[10]49,[5]50,[11]51,[13]51,[7]50,[8]50,[4]51,[16]49,[19]49
[13]50;
[0]51;
[1]51;
[17]44;
[10]48;
[9]48;
[16]48;
[5]49;
[11]50;
[4]50;
[6]50;
[7]49;
[15]47;
[14]47;
[18]47;
[8]49;
[19]48;[16]49,[19]49,[14]48,[2]49,[6]51,[18]48,[1]53,[12]50,[3]51,[17]46,[5]51,[13]52,[10]50,[9]50,[11]52,[15]48,[8]51,[7]51
[2]48;[14]48,[2]49,[6]51,[18]48,[1]53,[12]50,[3]51,[17]46,[5]51,[13]52,[10]50,[9]50,[11]52,[15]48,[8]51,[7]51,[0]53
[0]52;
[1]52;
[17]45;
[12]49;
[9]49;
[3]50;
[10]49;
[5]50;
[11]51;
[13]51;
[7]50;
[8]50;
[4]51;
[16]49;[0]53,[14]49,[1]54,[6]52,[12]51,[3]52,[9]51,[11]53,[17]47,[15]49,[8]52,[5]52,[10]51,[13]53
[19]49;
[14]48;[18]49,[4]52,[16]50,[2]50,[14]49,[1]54,[6]52,[12]51,[3]52,[9]51,[11]53,[17]47,[15]49,[8]52,[5]52,[10]51,[13]53
[2]49;[18]49,[4]52,[16]50,[2]50
[6]51;
[18]48;
[1]53;
[12]50;
[3]51;
[17]46;
[5]51;
[13]52;
[10]50;
[9]50;
[11]52;
[15]48;
[8]51;
[7]51;
[0]53;[2]51,[14]50,[7]52,[16]51,[4]53,[19]50,[15]50,[8]53,[17]48,[9]52,[12]52,[1]55,[6]53,[5]53,[10]52,[11]54,[13]54
-[15]1;[0]54
[0]54;[0]55
[0]55;[0]56
[0]56;[0]57
[0]57;[0]58
[0]58;[0]59
[0]59;[0]60
[0]60;[0]61
[0]61;[0]62
[0]62;[0]63
[0]63;[0]64
[0]64;[0]65
[0]65;[0]66
[0]66;[0]67
[0]67;[0]68
[0]68;[0]69
[0]69;[0]70
[0]70;[0]71
[0]71;[0]72
[0]72;[0]73
[0]73;[0]74
[0]74;[0]75
[0]75;[0]76
[0]76;[0]77
[0]77;[0]78
[0]78;[0]79
[0]79;[0]80
[0]80;[0]81
[0]81;[0]82
[0]82;[0]83
[0]83;[0]84
[0]84;[0]85
[0]85;[0]86
[0]86;[0]87
[0]87;[0]88
[0]88;[0]89
[0]89;[0]90
[0]90;[0]91
[0]91;[0]92
[0]92;[0]93
[0]93;[0]94
[0]94;[0]95
[0]95;[0]96
[0]96;[0]97
[0]97;[0]98
[0]98;[0]99
[0]99;[0]100
[0]100;[0]101
[0]101;[0]102
[0]102;[0]103
[0]103;[0]104,[0]105,[0]106,[0]107,[0]108,[0]109,[0]110,[0]111,[0]112,[0]113,[0]114,[0]115,[0]116,[0]117,[0]118,[0]119,[0]120,[0]121,[0]122,[0]123
[0]104;
[0]105;
[0]106;
[0]107;
[0]108;
[0]109;
[0]110;
[0]111;
[0]112;
[0]113;
[0]114;
[0]115;
[0]116;
[0]117;
[0]118;
[0]119;
[0]120;
[0]121;
[0]122;
[0]123;
[18]49;[18]50,[2]51,[14]50,[7]52,[16]51,[4]53,[3]53,[19]50,[15]50,[8]53,[17]48,[9]52,[12]52,[1]55,[6]53,[5]53,[10]52,[11]54,[13]54
[4]52;[18]50,[3]53
[16]50;
[2]50;
[14]49;
[1]54;
[6]52;
[12]51;
[3]52;
[9]51;
[11]53;
[17]47;
[15]49;
[8]52;
[5]52;
[10]51;
[13]53;
[18]50;[2]52,[16]52,[14]51,[7]53,[18]51,[8]54,[9]53,[4]54,[19]51,[1]56,[6]54,[11]55,[5]54,[13]55,[3]54,[12]53
[2]51;[2]52,[16]52,[14]51,[7]53,[18]51,[8]54,[9]53,[4]54,[19]51,[1]56,[6]54,[11]55,[5]54,[13]55,[3]54,[12]53
[14]50;
[7]52;
[16]51;
[4]53;
[3]53;
[19]50;
[15]50;
[8]53;
[17]48;
[9]52;
[12]52;
[1]55;
[6]53;
[5]53;
[10]52;
[11]54;
[13]54;[17]49,[2]53,[15]51
[2]52;[17]49,[2]53,[15]51,[10]53,[16]53,[18]52,[8]55,[4]55,[9]54,[14]52,[11]56
[16]52;[10]53,[16]53,[18]52,[8]55,[4]55,[9]54,[14]52,[11]56,[19]52
[14]51;[6]55
[7]53;
[18]51;
[8]54;
[9]53;
[4]54;
[19]51;
[1]56;
[6]54;
[11]55;
[5]54;
[13]55;
[3]54;
[12]53;
[17]49;[6]55,[19]52,[12]54,[7]54,[17]50,[3]55,[13]56,[2]54,[15]52,[5]55,[1]57,[8]56,[16]54,[4]56,[10]54,[18]53,[9]55,[14]53
[2]53;[12]54,[7]54,[17]50,[3]55,[13]56,[2]54,[15]52,[5]55,[8]56,[16]54,[10]54
[15]51;
[10]53;[1]57,[4]56,[18]53,[9]55,[14]53,[19]53,[11]57
[16]53;
[18]52;
[8]55;
[4]55;
[9]54;
[14]52;
[11]56;
[6]55;[19]53,[11]57,[7]55,[3]56,[12]55,[17]51,[6]56,[2]55,[5]56,[8]57,[13]57,[10]55,[4]57,[15]53,[1]58,[9]56,[16]55
[19]52;[7]55,[3]56,[12]55,[8]57
[12]54;[17]51,[6]56,[2]55,[5]56,[13]57,[10]55,[4]57,[15]53,[1]58
[7]54;
[17]50;
[3]55;
[13]56;
[2]54;
[15]52;
[5]55;[9]56,[16]55
[1]57;
[8]56;
[16]54;
[4]56;
[10]54;
[18]53;
[9]55;
[14]53;
[19]53;[19]54,[14]54,[18]54,[3]57,[17]52,[7]56,[11]58,[2]56,[5]57,[6]57,[4]58,[10]56,[16]56,[8]58,[1]59
[11]57;[19]54,[14]54,[18]54,[3]57,[17]52,[7]56,[11]58,[2]56,[5]57,[6]57,[4]58,[10]56
[7]55;
[3]56;
[12]55;
[17]51;
[6]56;
[2]55;
[5]56;[8]58,[19]55
[8]57;
[13]57;
[10]55;
[4]57;
[15]53;
[1]58;
[9]56;
[16]55;[16]56,[1]59,[14]55
[19]54;[14]55,[19]55,[12]56,[18]55,[11]59,[15]54,[7]57,[2]57,[5]58,[9]57,[13]58,[3]58,[6]58,[10]57,[4]59
[14]54;[12]56,[18]55,[11]59,[15]54,[7]57,[2]57,[5]58,[9]57,[13]58,[3]58,[6]58,[10]57,[4]59,[19]56,[17]53
[18]54;
[3]57;
[17]52;
[7]56;
[11]58;
[2]56;
[5]57;
[6]57;
[4]58;
[10]56;
[16]56;
[8]58;
[1]59;
[14]55;[19]56,[17]53,[1]60,[8]59,[18]56,[15]55,[2]58,[5]59,[7]58,[16]57,[13]59,[9]58,[12]57,[10]58,[4]60
[19]55;[1]60,[8]59,[9]58
[12]56;[18]56,[15]55,[2]58,[5]59,[7]58,[16]57,[13]59,[12]57,[10]58,[4]60,[6]59,[11]60,[19]57
[18]55;
[11]59;
[15]54;
[7]57;
[2]57;
[5]58;
[9]57;
[13]58;
[3]58;
[6]58;
[10]57;
[4]59;
[19]56;[6]59,[11]60,[19]57,[17]54,[8]60,[14]56,[2]59,[5]60,[18]57,[15]56,[7]59,[16]58,[9]59
[17]53;[17]54,[8]60,[2]59
[1]60;
[8]59;
[18]56;[14]56,[5]60,[18]57,[15]56,[7]59,[16]58,[9]59,[11]61,[17]55
[15]55;
[2]58;
[5]59;
[7]58;
[16]57;
[13]59;
[9]58;
[12]57;
[10]58;
[4]60;
[6]59;[10]59,[6]60,[12]58,[1]61,[11]61,[4]61,[8]61,[19]58,[17]55,[2]60,[3]59,[14]57,[13]60,[16]59,[9]60,[18]58
[11]60;[10]59,[6]60,[12]58,[1]61,[4]61,[8]61,[19]58,[2]60
[19]57;
[17]54;
[8]60;
[14]56;[3]59,[14]57,[13]60,[16]59,[9]60,[18]58,[1]62
[2]59;
[5]60;
[18]57;
[15]56;
[7]59;
[16]58;
[9]59;
[10]59;[6]61,[11]62,[5]61,[19]59,[1]62,[8]62,[7]60,[10]60,[17]56,[14]58,[2]61,[3]60,[12]59,[13]61,[15]57,[18]59,[4]62
[6]60;[6]61,[11]62,[5]61,[19]59,[8]62,[7]60,[10]60,[17]56,[2]61,[3]60,[12]59,[13]61,[15]57,[4]62
[12]58;
[1]61;
[11]61;
[4]61;
[8]61;
[19]58;
[17]55;
[2]60;
[3]59;[14]58,[18]59,[6]62
[14]57;
[13]60;
[16]59;
[9]60;
[18]58;
[6]61;[1]63,[8]63,[5]62,[19]60,[11]63,[6]62,[7]61,[16]60,[2]62,[14]59,[3]61,[10]61,[17]57,[13]62,[9]61,[4]63,[15]58
[11]62;[1]63,[8]63,[5]62,[19]60,[11]63,[7]61,[16]60,[2]62,[14]59,[3]61,[17]57,[13]62,[9]61
[5]61;
[19]59;
[1]62;
[8]62;
[7]60;
[10]60;
[17]56;[15]58
[14]58;[10]61,[4]63
[2]61;
[3]60;
[12]59;
[13]61;
[15]57;
[18]59;
[4]62;
[1]63;[8]64,[1]64,[18]60,[11]64,[7]62,[12]60,[16]61,[5]63,[6]63,[14]60,[10]62,[3]62,[9]62,[17]58,[4]64,[2]63,[13]63
[8]63;[8]64,[1]64,[18]60,[11]64,[7]62,[12]60,[16]61,[5]63,[6]63,[14]60,[10]62,[3]62,[9]62,[17]58
[5]62;
[19]60;
[11]63;
[6]62;
[7]61;
[16]60;
[2]62;[2]63,[13]63
[14]59;
[3]61;
[10]61;[4]64,[1]65,[17]59
[17]57;
[13]62;
[9]61;
[4]63;
[15]58;
[8]64;[1]65,[7]63,[18]61,[11]65,[15]59,[16]62,[5]64,[8]65,[12]61,[6]64,[10]63,[3]63,[14]61,[17]59,[9]63,[19]61,[4]65
[1]64;[7]63,[18]61,[11]65,[15]59,[16]62,[5]64,[8]65,[12]61,[6]64,[10]63,[3]63,[14]61
[18]60;
[11]64;
[7]62;
[12]60;
[16]61;
[5]63;
[6]63;[4]65,[2]64
[14]60;
[10]62;
[3]62;
[9]62;
[17]58;
[4]64;[9]63,[19]61,[13]64
[2]63;
[13]63;
[1]65;[13]64,[2]64,[7]64,[15]60,[8]66,[1]66,[6]65,[18]62,[5]65,[12]62,[3]64,[17]60,[16]63,[14]62
[7]63;[7]64,[15]60,[8]66,[1]66,[6]65,[18]62,[5]65,[12]62,[3]64,[17]60,[16]63
[18]61;
[11]65;
[15]59;
[16]62;
[5]64;
[8]65;
[12]61;[14]62
[6]64;
[10]63;
[3]63;
[14]61;
[17]59;
[9]63;[2]65
[19]61;
[4]65;
[13]64;[11]66,[7]65,[4]66,[2]65,[1]67,[10]64,[6]66,[18]63,[8]67,[15]61,[12]63,[13]65,[3]65,[16]64,[17]61,[19]62,[9]64
[2]64;[11]66,[7]65,[4]66,[1]67,[10]64,[18]63
[7]64;[6]66,[8]67,[15]61,[12]63,[13]65,[3]65,[16]64,[17]61,[19]62,[9]64
[15]60;
[8]66;
[1]66;
[6]65;
[18]62;
[5]65;
[12]62;
[3]64;
[17]60;
[16]63;
[14]62;
[11]66;[14]63,[4]67,[11]67,[2]66,[18]64,[1]68,[6]67,[10]65,[7]66,[5]66,[12]64,[8]68,[15]62,[17]62,[16]65,[19]63,[13]66,[3]66
[7]65;[14]63,[4]67,[2]66,[6]67,[10]65,[7]66,[8]68
[4]66;
[2]65;[11]67,[18]64,[1]68,[5]66,[12]64,[15]62,[17]62,[16]65,[19]63,[13]66,[3]66
[1]67;
[10]64;
[6]66;
[18]63;
[8]67;
[15]61;
[12]63;
[13]65;
[3]65;
[16]64;
[17]61;
[19]62;
[9]64;
[14]63;[6]68,[1]69,[7]67,[14]64,[4]68,[10]66,[5]67,[11]68,[18]65,[12]65,[8]69,[9]65,[16]66,[19]64,[2]67,[15]63
[4]67;[6]68,[1]69,[7]67,[4]68,[9]65
[11]67;[14]64,[10]66,[5]67,[11]68,[18]65,[12]65,[8]69,[16]66,[19]64,[2]67,[15]63,[6]69,[3]67
[2]66;
[18]64;
[1]68;
[6]67;
[10]65;
[7]66;
[5]66;
[12]64;
[8]68;
[15]62;
[17]62;
[16]65;
[19]63;
[13]66;
[3]66;
[6]68;[6]69,[3]67,[10]67,[14]65,[11]69,[18]66,[13]67,[12]66,[1]70,[8]70,[7]68,[19]65,[9]66,[5]68,[4]69,[16]67
[1]69;[10]67,[14]65,[1]70
[7]67;
[14]64;[11]69,[18]66,[13]67,[12]66,[8]70,[7]68,[19]65,[9]66,[5]68,[4]69,[16]67,[17]63,[6]70
[4]68;
[10]66;
[5]67;
[11]68;
[18]65;
[12]65;
[8]69;
[9]65;
[16]66;
[19]64;
[2]67;
[15]63;
[6]69;[17]63,[2]68,[3]68,[6]70,[14]66,[18]67,[11]70,[10]68,[13]68,[15]64,[1]71,[19]66,[7]69,[12]67,[4]70,[16]68,[9]67
[3]67;[2]68,[3]68,[14]66,[18]67,[11]70,[13]68
[10]67;
[14]65;
[11]69;[10]68,[15]64,[1]71,[19]66,[7]69,[12]67,[4]70,[16]68,[9]67,[17]64
[18]66;
[13]67;
[12]66;
[1]70;
[8]70;
[7]68;
[19]65;
[9]66;
[5]68;
[4]69;
[16]67;
[17]63;[17]64,[3]69,[5]69,[8]71,[2]69,[6]71,[11]71,[10]69,[13]69,[1]72,[14]67,[7]70,[4]71,[18]68,[19]67,[16]69
[2]68;[3]69,[5]69,[8]71,[2]69,[6]71,[10]69,[13]69,[1]72
[3]68;
[6]70;
[14]66;
[18]67;
[11]70;
[10]68;[11]71,[14]67,[7]70,[4]71,[18]68,[16]69,[15]65
[13]68;
[15]64;
[1]71;
[19]66;
[7]69;
[12]67;
[4]70;
[16]68;
[9]67;[19]67
[17]64;[15]65,[17]65,[12]68,[3]70,[8]72,[11]72,[2]70,[10]70,[9]68,[13]70,[5]70,[1]73,[4]72,[18]69,[6]72,[16]70,[7]71,[14]68
[3]69;[17]65,[12]68,[3]70,[8]72,[11]72,[2]70,[10]70,[9]68,[13]70,[5]70,[1]73,[4]72,[18]69,[16]70,[7]71
[5]69;
[8]71;
[2]69;
[6]71;
[11]71;[6]72,[14]68
[10]69;
[13]69;
[1]72;
[14]67;
[7]70;
[4]71;
[18]68;
[19]67;
[16]69;
[15]65;[15]66,[3]71,[12]69,[13]71,[17]66,[10]71,[9]69,[2]71,[19]68,[1]74,[11]73,[5]71,[8]73,[4]73,[18]70,[6]73,[16]71,[7]72
[17]65;[15]66,[3]71,[12]69,[13]71,[17]66,[10]71,[9]69,[2]71,[19]68,[1]74,[11]73,[5]71,[8]73,[4]73,[18]70,[6]73,[16]71,[7]72
[12]68;
[3]70;
[8]72;
[11]72;
[2]70;
[10]70;
[9]68;
[13]70;[15]67
[5]70;
[1]73;
[4]72;
[18]69;
[6]72;[3]72,[14]69,[11]74,[4]74,[10]72,[8]74,[6]74,[19]69,[5]72,[18]71
[16]70;
[7]71;
[14]68;
[15]66;[15]67,[3]72,[12]70,[14]69,[2]72,[9]70,[11]74,[4]74,[10]72,[8]74,[6]74,[17]67,[19]69,[16]72,[5]72,[18]71
[3]71;[12]70,[2]72,[9]70
[12]69;
[13]71;
[17]66;
[10]71;
[9]69;
[2]71;
[19]68;[17]67
[1]74;[16]72,[15]68,[13]72,[3]73
[11]73;
[5]71;
[8]73;
[4]73;
[18]70;
[6]73;
[16]71;
[7]72;[1]75
[15]67;[15]68,[7]73,[13]72,[3]73,[1]75,[12]71,[2]73,[6]75,[9]71,[14]70,[8]75,[4]75,[18]72,[5]73,[16]73,[11]75,[19]70
[3]72;[7]73,[12]71,[2]73,[6]75,[9]71,[14]70,[8]75,[4]75,[18]72,[5]73,[16]73,[11]75,[19]70,[15]69
[12]70;
[14]69;
[2]72;
[9]70;
[11]74;
[4]74;
[10]72;
[8]74;
[6]74;
[17]67;
[19]69;
[16]72;
[5]72;
[18]71;
[15]68;[15]69,[17]68,[3]74,[1]76,[10]73,[12]72,[6]76,[8]76,[7]74,[5]74,[11]76,[19]71,[14]71,[4]76,[18]73
[7]73;[17]68,[3]74,[1]76,[10]73,[12]72,[6]76,[8]76,[7]74,[5]74,[11]76,[19]71,[14]71,[4]76,[18]73,[9]72,[13]73,[2]74
[13]72;
[3]73;
[1]75;
[12]71;
[2]73;
[6]75;
[9]71;
[14]70;
[8]75;
[4]75;
[18]72;
[5]73;
[16]73;
[11]75;
[19]70;
[15]69;[9]72,[13]73,[2]74,[15]70,[16]74,[3]75,[1]77,[17]69,[12]73,[10]74,[8]77,[7]75,[5]75,[6]77,[19]72,[18]74
[17]68;[15]70,[16]74,[3]75,[1]77,[17]69,[12]73,[10]74,[8]77,[7]75,[5]75,[6]77,[19]72,[18]74,[13]74
[3]74;
[1]76;
[10]73;
[12]72;
[6]76;
[8]76;
[7]74;
[5]74;
[11]76;
[19]71;
[14]71;
[4]76;
[18]73;
[9]72;[13]74,[14]72,[2]75,[15]71,[9]73,[4]77,[11]77,[16]75,[3]76,[17]70,[12]74,[8]78,[5]76,[10]75,[7]76
[13]73;
[2]74;
[15]70;[14]72,[2]75,[15]71,[9]73,[4]77,[11]77,[16]75,[3]76,[17]70,[12]74,[8]78,[5]76,[10]75,[7]76,[18]75
[16]74;
[3]75;
[1]77;
[17]69;
[12]73;
[10]74;
[8]77;
[7]75;
[5]75;
[6]77;
[19]72;
[18]74;
[13]74;[18]75,[13]75,[1]78,[19]73,[6]78,[4]78,[16]76,[9]74,[3]77,[11]78,[12]75,[5]77,[7]77,[8]79,[14]73,[10]76,[2]76,[15]72
[14]72;[13]75,[1]78,[19]73,[6]78,[4]78,[16]76,[9]74,[3]77,[11]78,[12]75,[5]77,[7]77,[8]79,[14]73,[10]76,[2]76,[15]72
[2]75;
[15]71;
[9]73;
[4]77;
[11]77;
[16]75;
[3]76;
[17]70;
[12]74;
[8]78;
[5]76;
[10]75;
[7]76;
[18]75;[18]76,[13]76,[19]74,[16]77,[1]79,[11]79,[5]78,[4]79,[12]76,[7]78,[8]80,[2]77,[9]75,[14]74,[10]77,[3]78
[13]75;[18]76,[13]76,[17]71,[6]79,[19]74,[16]77,[1]79,[11]79,[5]78,[4]79,[12]76,[7]78,[8]80,[2]77,[9]75,[14]74,[10]77,[3]78
[1]78;[17]71,[6]79
[19]73;
[6]78;
[4]78;
[16]76;
[9]74;
[3]77;
[11]78;
[12]75;
[5]77;
[7]77;
[8]79;
[14]73;
[10]76;
[2]76;
[15]72;[18]77
[18]76;[18]77,[17]72,[15]73,[6]80,[13]77,[1]80,[16]78,[11]80,[5]79,[4]80
[13]76;[17]72,[15]73,[6]80,[13]77,[1]80,[16]78,[11]80,[5]79,[4]80
[17]71;
[6]79;
[19]74;
[16]77;
[1]79;
[11]79;
[5]78;
[4]79;[3]79,[14]75,[18]78
[12]76;
[7]78;
[8]80;
[2]77;
[9]75;
[14]74;
[10]77;
[3]78;[12]77,[9]76
[18]77;[3]79,[14]75,[12]77,[9]76,[18]78,[17]73,[8]81,[7]79,[10]78,[15]74,[2]78,[16]79,[19]75,[11]81,[6]81
[17]72;[17]73,[8]81,[7]79,[10]78,[15]74,[2]78,[16]79,[19]75,[11]81,[6]81,[4]81,[13]78,[18]79
[15]73;
[6]80;
[13]77;
[1]80;
[16]78;
[11]80;
[5]79;
[4]80;
[3]79;[4]81,[13]78,[18]79,[14]76,[1]81,[9]77,[5]80,[2]79,[15]75,[3]80,[12]78,[7]80,[10]79,[17]74,[16]80
[14]75;[14]76,[1]81,[5]80,[2]79,[12]78,[7]80,[11]82
[12]77;
[9]76;
[18]78;
[17]73;[9]77,[15]75,[3]80,[10]79,[17]74,[16]80,[8]82
[8]81;
[7]79;
[10]78;
[15]74;
[2]78;
[16]79;
[19]75;
[11]81;
[6]81;
[4]81;[8]82,[11]82,[13]79,[19]76,[4]82,[1]82,[15]76,[18]80,[3]81,[9]78,[12]79,[6]82,[14]77,[2]80,[16]81
[13]78;[13]79,[19]76,[4]82,[1]82,[15]76,[18]80,[3]81,[9]78,[6]82,[14]77,[2]80,[16]81
[18]79;[7]81,[10]80,[8]83
[14]76;[12]79
[1]81;
[9]77;
[5]80;
[2]79;
[15]75;
[3]80;
[12]78;
[7]80;
[10]79;
[17]74;
[16]80;
[8]82;[7]81,[10]80,[8]83,[5]81,[4]83,[13]80,[11]83,[17]75,[1]83,[19]77,[14]78,[18]81,[2]81,[9]79,[15]77,[3]82
[11]82;[5]81,[4]83
[13]79;[13]80,[11]83,[17]75,[1]83,[19]77,[14]78,[18]81,[2]81,[9]79,[15]77,[3]82
[19]76;
[4]82;
[1]82;
[15]76;
[18]80;
[3]81;
[9]78;
[12]79;
[6]82;
[14]77;
[2]80;
[16]81;
[7]81;[16]82,[12]80,[5]82,[6]83,[10]81,[8]84,[4]84,[17]76,[1]84,[13]81,[7]82,[19]78,[11]84,[2]82,[14]79,[15]78
[10]80;[16]82,[12]80,[5]82,[6]83,[10]81,[8]84,[4]84,[17]76,[1]84,[13]81,[19]78,[11]84
[8]83;
[5]81;
[4]83;
[13]80;[7]82,[2]82,[14]79,[15]78
[11]83;
[17]75;
[1]83;
[19]77;
[14]78;
[18]81;
[2]81;
[9]79;
[15]77;
[3]82;
[16]82;[10]82,[8]85,[3]83,[5]83,[16]83,[1]85,[18]82,[4]85,[6]84,[17]77,[9]80,[12]81,[19]79,[2]83,[11]85,[14]80,[7]83
[12]80;[10]82,[8]85,[3]83,[5]83,[16]83,[1]85,[18]82,[4]85,[6]84,[17]77,[9]80,[12]81,[19]79,[2]83,[11]85,[14]80,[7]83
[5]82;
[6]83;[15]79
[10]81;
[8]84;
[4]84;
[17]76;
[1]84;
[13]81;
[7]82;
[19]78;
[11]84;
[2]82;
[14]79;
[15]78;
[10]82;[15]79,[16]84,[10]83,[5]84,[8]86,[13]82,[1]86,[4]86,[3]84,[18]83,[9]81,[11]86,[6]85,[17]78,[2]84,[14]81
[8]85;[16]84,[10]83,[5]84,[8]86,[13]82,[1]86,[4]86,[3]84,[18]83,[9]81,[11]86,[6]85,[17]78,[2]84,[14]81
[3]83;
[5]83;
[16]83;
[1]85;
[18]82;
[4]85;
[6]84;[7]84,[19]80
[17]77;
[9]80;
[12]81;
[19]79;
[2]83;
[11]85;
[14]80;
[7]83;
[15]79;[7]84,[19]80,[15]80,[12]82,[5]85,[10]84,[13]83,[18]84,[16]85,[3]85,[8]87,[11]87,[1]87,[17]79,[14]82,[9]82
[16]84;[15]80,[12]82,[5]85,[10]84,[13]83,[18]84,[16]85,[3]85,[8]87,[11]87,[1]87,[17]79,[14]82,[9]82,[6]86,[4]87,[7]85
[10]83;
[5]84;
[8]86;
[13]82;
[1]86;
[4]86;
[3]84;
[18]83;
[9]81;
[11]86;
[6]85;
[17]78;
[2]84;
[14]81;
[7]84;[6]86,[4]87,[7]85,[12]83,[19]81,[15]81,[5]86,[16]86,[13]84,[10]85,[2]85,[3]86,[11]88,[18]85,[1]88,[9]83,[17]80
[19]80;[12]83
[15]80;[19]81,[15]81,[5]86,[16]86,[13]84,[10]85,[2]85,[3]86,[11]88,[18]85,[1]88,[9]83,[17]80,[4]88,[6]87,[8]88,[12]84
[12]82;
[5]85;
[10]84;
[13]83;
[18]84;
[16]85;
[3]85;
[8]87;
[11]87;
[1]87;
[17]79;
[14]82;
[9]82;
[6]86;[4]88,[6]87,[8]88,[12]84,[7]86,[19]82,[2]86,[14]83,[15]82,[5]87,[16]87,[13]85,[11]89,[3]87,[10]86,[1]89,[17]81,[18]86
[4]87;
[7]85;
[12]83;
[19]81;[7]86,[19]82,[2]86,[14]83,[15]82,[5]87,[16]87,[13]85,[11]89,[3]87,[10]86,[1]89,[17]81,[18]86,[4]89
[15]81;
[5]86;
[16]86;
[13]84;
[10]85;
[2]85;
[3]86;
[11]88;
[18]85;
[1]88;
[9]83;
[17]80;
[4]88;[4]89,[6]88,[19]83,[7]87,[14]84,[15]83,[12]85,[2]87,[8]89,[3]88,[16]88,[11]90,[10]87,[13]86,[9]84
[6]87;
[8]88;
[12]84;
[7]86;[6]88,[19]83,[7]87,[14]84,[15]83,[12]85,[2]87,[8]89,[3]88,[16]88,[11]90,[10]87,[13]86,[9]84,[1]90,[18]87,[5]88
[19]82;
[2]86;
[14]83;
[15]82;
[5]87;
[16]87;
[13]85;
[11]89;
[3]87;
[10]86;
[1]89;
[17]81;
[18]86;
[4]89;[1]90,[18]87,[5]88,[6]89,[17]82,[19]84,[14]85,[3]89,[10]88,[4]90,[7]88,[15]84
[6]88;[6]89,[17]82,[19]84,[14]85,[3]89,[10]88,[4]90,[7]88,[15]84,[13]87,[11]91,[16]89,[2]88,[18]88,[1]91,[8]90,[9]85
[19]83;
[7]87;
[14]84;
[15]83;
[12]85;
[2]87;
[8]89;
[3]88;
[16]88;
[11]90;
[10]87;
[13]86;
[9]84;
[1]90;[13]87,[11]91,[16]89,[2]88,[18]88,[1]91,[8]90,[9]85,[6]90,[5]89,[12]86,[3]90,[19]85,[10]89
[18]87;
[5]88;
[6]89;[6]90,[5]89,[12]86,[3]90,[19]85,[10]89,[17]83,[7]89,[4]91,[13]88,[15]85,[2]89,[1]92,[8]91
[17]82;
[19]84;
[14]85;
[3]89;
[10]88;
[4]90;
[7]88;
[15]84;
[13]87;[17]83,[7]89,[4]91,[13]88,[15]85,[2]89,[1]92,[8]91,[11]92,[9]86,[16]90,[14]86,[5]90,[6]91,[18]89,[19]86,[3]91,[12]87
[11]91;
[16]89;
[2]88;
[18]88;
[1]91;
[8]90;
[9]85;
[6]90;[11]92,[9]86,[16]90,[14]86,[5]90,[6]91,[18]89,[19]86,[3]91,[12]87,[7]90,[4]92,[13]89,[2]90,[17]84,[1]93
[5]89;
[12]86;
[3]90;
[19]85;
[10]89;
[17]83;[7]90,[4]92,[13]89,[2]90,[17]84,[1]93,[10]90,[15]86,[11]93,[8]92,[18]90,[6]92,[9]87,[12]88
[7]89;
[4]91;
[13]88;
[15]85;
[2]89;
[1]92;
[8]91;
[11]92;[10]90,[15]86,[16]91,[11]93,[8]92,[18]90,[6]92,[9]87,[12]88,[14]87,[3]92,[7]91,[4]93,[2]91,[19]87
[9]86;[16]91
[16]90;
[14]86;
[5]90;
[6]91;
[18]89;
[19]86;
[3]91;
[12]87;
[7]90;[14]87,[3]92,[7]91,[4]93,[2]91,[19]87,[17]85,[10]91,[13]90,[5]91,[15]87,[1]94,[16]92,[11]94,[8]93,[18]91,[6]93
[4]92;
[13]89;
[2]90;
[17]84;
[1]93;
[10]90;[17]85,[10]91,[13]90,[5]91,[15]87,[1]94,[16]92,[11]94,[8]93,[18]91,[6]93,[7]92,[3]93,[14]88
[15]86;
[16]91;
[11]93;
[8]92;
[18]90;
[6]92;
[9]87;
[12]88;
[14]87;[7]92,[3]93,[14]88,[9]88,[5]92,[12]89,[13]91,[10]92,[15]88,[16]93,[11]95,[8]94,[1]95,[6]94,[17]86
[3]92;
[7]91;
[4]93;
[2]91;
[19]87;
[17]85;[4]94,[2]92,[19]88,[9]88,[5]92,[12]89,[13]91,[10]92,[15]88,[16]93,[11]95,[8]94,[1]95,[6]94,[17]86,[3]94,[18]92,[14]89
[10]91;[4]94,[2]92,[19]88
[13]90;
[5]91;
[15]87;
[1]94;
[16]92;
[11]94;
[8]93;
[18]91;
[6]93;
[7]92;[3]94,[18]92,[14]89,[4]95,[9]89,[7]93,[2]93,[10]93,[15]89,[19]89,[11]96,[8]95,[13]92,[5]93,[1]96
[3]93;
[14]88;
[4]94;[4]95,[9]89,[7]93,[2]93,[10]93,[15]89,[19]89,[11]96,[8]95,[13]92,[5]93,[1]96,[16]94,[18]93,[17]87,[12]90,[3]95
[2]92;
[19]88;
[9]88;
[5]92;
[12]89;
[13]91;
[10]92;
[15]88;
[16]93;
[11]95;
[8]94;
[1]95;
[6]94;
[17]86;
[3]94;[16]94,[18]93,[17]87,[12]90,[3]95,[14]90,[9]90,[6]95,[4]96,[7]94,[11]97,[5]94,[13]93,[15]90,[10]94
[18]92;
[14]89;
[4]95;[14]90,[9]90,[6]95,[4]96,[7]94,[11]97,[5]94,[13]93,[15]90,[10]94,[2]94,[8]96,[16]95,[18]94,[17]88,[19]90,[3]96
[9]89;
[7]93;
[2]93;
[10]93;
[15]89;
[19]89;
[11]96;
[8]95;
[13]92;
[5]93;
[1]96;
[16]94;[2]94,[8]96,[16]95,[18]94,[17]88,[19]90,[3]96,[1]97,[7]95,[4]97,[14]91,[11]98,[13]94,[5]95
[18]93;
[17]87;
[12]90;
[3]95;
[14]90;[9]91,[6]96,[12]91,[1]97,[7]95,[4]97,[14]91,[11]98,[13]94,[5]95,[15]91,[17]89,[16]96,[2]95,[18]95,[19]91,[10]95,[3]97
[9]90;[9]91,[6]96,[12]91
[6]95;
[4]96;
[7]94;
[11]97;
[5]94;
[13]93;
[15]90;
[10]94;
[2]94;[15]91,[17]89,[16]96,[2]95,[18]95,[19]91,[10]95,[3]97,[9]92,[1]98,[4]98,[14]92,[12]92,[7]96,[13]95
[8]96;
[16]95;
[18]94;
[17]88;
[19]90;
[3]96;
[9]91;[8]97,[6]97,[9]92,[1]98,[4]98,[14]92,[12]92,[7]96,[13]95,[11]99,[17]90,[15]92,[16]97,[5]96,[18]96
[6]96;[8]97,[6]97
[12]91;
[1]97;
[7]95;
[4]97;
[14]91;
[11]98;
[13]94;
[5]95;
[15]91;[11]99,[17]90,[15]92,[16]97,[5]96,[18]96,[10]96,[19]92,[8]98,[3]98,[12]93,[14]93,[13]96,[4]99,[1]99,[6]98
[17]89;
[16]96;
[2]95;
[18]95;
[19]91;
[10]95;
[3]97;
[8]97;[10]96,[19]92,[9]93,[8]98,[3]98,[12]93,[14]93,[13]96,[4]99,[1]99,[6]98,[11]100,[17]91,[15]93,[7]97,[2]96
[6]97;[9]93
[9]92;
[1]98;
[4]98;
[14]92;
[12]92;
[7]96;
[13]95;
[11]99;[11]100,[17]91,[15]93,[7]97,[2]96,[18]97,[8]99,[19]93,[4]100,[5]97,[10]97,[13]97
[17]90;
[15]92;
[16]97;
[5]96;
[18]96;
[10]96;[18]97,[16]98,[9]94,[8]99,[19]93,[3]99,[4]100,[5]97,[10]97,[13]97,[17]92,[14]94
[19]92;[16]98,[9]94,[3]99
[9]93;
[8]98;
[3]98;
[12]93;
[14]93;
[13]96;
[4]99;
[1]99;
[6]98;
[11]100;[17]92,[14]94,[2]97,[15]94,[18]98,[10]98
[17]91;
[15]93;
[7]97;
[2]96;
[18]97;[2]97,[15]94,[16]99,[8]100,[6]99,[1]100,[19]94,[12]94,[13]98,[18]98,[10]98,[3]100,[17]93
[16]98;[16]99,[8]100,[6]99,[1]100,[19]94,[12]94,[13]98,[3]100
[9]94;
[8]99;
[19]93;
[3]99;
[4]100;
[5]97;
[10]97;
[13]97;
[17]92;[17]93,[14]95,[9]95,[5]98,[10]99,[13]99
[14]94;
[2]97;[14]95,[9]95,[2]98,[16]100,[6]100,[15]95,[7]98,[5]98,[12]95,[19]95,[10]99,[18]99,[13]99
[15]94;[2]98,[16]100,[6]100,[15]95,[7]98,[14]96
[16]99;[12]95,[19]95,[18]99,[17]94
[8]100;
[6]99;
[1]100;
[19]94;
[12]94;
[13]98;
[18]98;
[10]98;
[3]100;
[17]93;[9]96,[7]99,[15]96,[19]96
[14]95;[17]94,[14]96,[9]96,[5]99,[7]99,[15]96,[10]100,[2]99,[19]96
[9]95;[10]100,[2]99
[2]98;[5]99
[16]100;
[6]100;
[15]95;
[7]98;
[5]98;
[12]95;
[19]95;
[10]99;
[18]99;
[13]99;
[17]94;[12]96,[9]97,[18]100,[5]100,[14]97,[7]100,[13]100,[17]95,[2]100,[19]97
[14]96;[12]96,[9]97,[5]100,[13]100,[17]95,[2]100
[9]96;[18]100,[14]97,[7]100,[19]97
[5]99;
[7]99;
[15]96;
[10]100;
[2]99;
[19]96;
[12]96;[15]97,[12]97,[9]98,[14]98,[17]96
[9]97;[15]97,[12]97,[9]98,[14]98,[17]96
[18]100;[15]98
[5]100;
[14]97;
[7]100;
[13]100;
[17]95;
[2]100;
[19]97;
[15]97;[15]98,[9]99,[19]98,[14]99,[17]97,[12]98
[12]97;[9]99,[19]98,[14]99,[17]97,[12]98
[9]98;
[14]98;
[17]96;
[15]98;[9]100,[15]99,[17]98,[19]99,[14]100
[9]99;[9]100,[15]99,[17]98,[19]99,[14]100
[19]98;
[14]99;[12]99
[17]97;
[12]98;
[9]100;[12]99,[19]100,[17]99,[15]100
[15]99;[19]100,[17]99,[15]100,[12]100
[17]98;
[19]99;
[14]100;
[12]99;[12]100,[17]100
[19]100;[17]100
[17]99;
[15]100;
[12]100;
[17]100;
