Genesis;[3]1,[4]1,[7]1,[8]1,[9]1
[3]1;[0]1,[4]2,[7]2,[9]2,[1]1,[5]1,[6]1
[4]1;[0]1,[4]2,[1]1,[5]1,[6]1
[7]1;[7]2,[3]2,[8]2
[8]1;[8]2
[9]1;[9]2
[0]1;[3]2,[0]2,[4]3,[6]2
[4]2;[0]2,[4]3,[6]2,[5]2
[7]2;[7]3
[9]2;[9]3
[1]1;
[5]1;
[6]1;
[9]3;[9]4
[3]2;[5]2,[3]3,[6]3,[4]4
[8]2;[8]3
[0]2;[3]3,[6]3,[4]4,[5]3
[4]3;
[6]2;
[7]3;[7]4
[9]4;[9]5
[5]2;[5]3,[0]3,[4]5,[2]1
[9]5;[9]6
[3]3;[0]3,[4]5,[2]1,[6]4
[6]3;[6]4
[8]3;[8]4
[4]4;
[7]4;[7]5
[5]3;[3]4,[1]2,[0]4
[0]3;[0]4,[1]3,[6]5
[9]6;[9]7
[3]4;[2]2,[1]3
[4]5;[6]5
[1]2;
[2]1;
[6]4;
[9]7;[9]8
[0]4;[2]3,[5]4,[4]6,[3]5
[7]5;[7]6
[2]2;[2]3,[5]4,[4]6
[1]3;[3]5
[6]5;
[2]3;[2]4,[4]7,[5]5
[8]4;[8]5
[5]4;[4]7,[5]5,[0]5,[2]5
[4]6;[1]4,[0]5
[2]4;[6]6,[1]4,[2]5
[3]5;
[8]5;[8]6
[7]6;[7]7
[4]7;[4]8
[6]6;[4]8,[0]6,[1]5,[6]7
[5]5;
[1]4;[1]5,[6]7
[9]8;[9]9
[0]5;
[8]6;[8]7
[2]5;
[7]7;[7]8
[4]8;[2]6,[3]6
[0]6;[0]7,[5]6
[9]9;[9]10
[2]6;[2]7,[3]7,[6]8,[4]9,[1]6,[5]6
[1]5;[1]6
[6]7;
[7]8;[7]9
[3]6;
[2]7;[2]8,[5]7,[1]7,[6]9,[4]10
[8]7;[8]8
[9]10;[9]11
[3]7;[2]8,[5]7,[1]7
[6]8;[6]9
[4]9;[4]10
[0]7;[0]8
[1]6;
[5]6;[0]9
[9]11;[9]12
[0]8;[0]9
[8]8;[8]9
[2]8;[1]8,[2]9,[6]10,[4]11
[5]7;[1]8,[2]9,[6]10,[4]11
[7]9;[7]10
[1]7;
[9]12;[9]13
[6]9;
[4]10;
[0]9;[0]10
[7]10;[7]11
[9]13;[9]14
[8]9;[8]10
[1]8;[2]10,[6]11,[4]12,[5]8,[3]8,[1]9
[2]9;[2]10
[6]10;[6]11,[5]8,[3]8,[1]9
[4]11;[4]12
[9]14;[9]15
[7]11;[7]12
[8]10;[8]11
[7]12;[7]13
[2]10;[2]11
[6]11;[6]12,[4]13,[3]9,[1]10,[2]11
[4]12;[6]12,[4]13,[3]9,[1]10
[5]8;[5]9
[3]8;
[1]9;
[7]13;[7]14
[8]11;[8]12
[9]15;[9]16
[0]10;[0]11
[6]12;[6]13
[4]13;[6]14,[4]14
[9]16;[9]17
[3]9;
[1]10;
[7]14;[7]15
[2]11;[2]12
[6]13;[6]14
[8]12;[8]13
[0]11;[0]12
[7]15;[7]16
[9]17;[9]18
[0]12;[0]13
[6]14;[3]10,[6]15,[5]10
[4]14;[4]15
[5]9;[5]10
[8]13;[8]14
[3]10;[1]11,[6]16
[6]15;
[0]13;[0]14
[7]16;[7]17
[1]11;[1]12,[6]17,[4]16
[5]10;[5]11
[8]14;[8]15
[4]15;[4]16
[6]16;
[7]17;[7]18
[1]12;[1]13
[9]18;[9]19
[6]17;
[0]14;[0]15
[5]11;[5]12
[8]15;[8]16
[4]16;[4]17
[1]13;[1]14,[5]12
[9]19;[9]20
[8]16;[8]17
[0]15;[0]16
[1]14;[6]18,[3]11
[7]18;[7]19
[2]12;[2]13
[5]12;[5]13
[8]17;[8]18
[6]18;[6]19,[1]15
[7]19;[7]20
[3]11;
[0]16;[0]17
[8]18;[8]19
[2]13;[2]14
[6]19;[3]12,[4]17
[1]15;[1]16
[7]20;[7]21
[0]17;[0]18
[8]19;[8]20
[3]12;[6]20,[3]13
[2]14;[2]15
[1]16;[1]17
[6]20;[6]21,[4]18
[5]13;[5]14
[9]20;[9]21
[4]17;[6]21,[4]18
[7]21;[7]22
[1]17;[1]18
[3]13;
[9]21;[9]22
[5]14;[5]15
[0]18;[0]19
[6]21;[6]22,[3]14
[7]22;[7]23
[8]20;[8]21
[4]18;
[1]18;[1]19
[2]15;[2]16
[6]22;[2]17,[6]23
[7]23;[7]24
[8]21;[8]22
[5]15;[5]16
[3]14;
[0]19;[0]20
[1]19;[1]20
[2]16;[2]17
[9]22;[9]23
[7]24;[7]25
[8]22;[8]23
[1]20;[1]21
[0]20;[0]21
[5]16;[5]17
[2]17;[2]18,[4]19
[6]23;[6]24,[3]15
[1]21;[1]22
[7]25;[7]26
[2]18;[3]15,[4]20
[6]24;[6]25
[1]22;[1]23
[7]26;[7]27
[4]19;[2]19
[0]21;[0]22
[3]15;[2]19
[5]17;[5]18
[1]23;[1]24
[4]20;
[9]23;[9]24
[6]25;[6]26
[1]24;[1]25
[2]19;[2]20,[3]16
[7]27;[7]28
[8]23;[8]24
[9]24;[9]25
[6]26;[6]27
[0]22;[0]23
[2]20;[4]21
[9]25;[9]26
[6]27;[6]28
[3]16;
[4]21;[2]21
[1]25;[1]26
[8]24;[8]25
[6]28;[6]29
[2]21;[4]22,[3]17
[5]18;[5]19
[8]25;[8]26
[0]23;[0]24
[4]22;[2]22,[4]23
[5]19;[5]20
[1]26;[1]27
[3]17;
[9]26;[9]27
[7]28;[7]29
[2]22;[2]23,[3]19
[4]23;[3]18,[4]24
[8]26;[8]27
[5]20;[5]21
[0]24;[0]25
[6]29;[6]30
[9]27;[9]28
[3]18;[4]25,[3]19
[4]24;
[9]28;[9]29
[0]25;[0]26
[6]30;[6]31
[5]21;[5]22
[8]27;[8]28
[4]25;[4]26,[3]20
[2]23;[2]24
[3]19;[2]25
[9]29;[9]30
[1]27;[1]28
[8]28;[8]29
[6]31;[6]32
[4]26;[4]27
[2]24;[2]25
[3]20;[3]21,[4]28
[5]22;[5]23
[0]26;[0]27
[7]29;[7]30
[9]30;[9]31
[1]28;[1]29
[8]29;[8]30
[7]30;[7]31
[5]23;[5]24
[9]31;[9]32
[1]29;[1]30
[7]31;[7]32
[2]25;[2]26
[0]27;[0]28
[4]27;[3]21,[4]28
[9]32;[9]33
[1]30;[1]31
[8]30;[8]31
[5]24;[5]25
[7]32;[7]33
[0]28;[0]29
[3]21;[3]22,[4]29
[2]26;[2]27
[7]33;[7]34
[4]28;
[0]29;[0]30
[8]31;[8]32
[6]32;[6]33
[9]33;[9]34
[3]22;[3]23
[6]33;[6]34
[7]34;[7]35
[5]25;[5]26
[4]29;
[1]31;[1]32
[8]32;[8]33
[0]30;[0]31
[6]34;[6]35
[1]32;[1]33
[3]23;[4]30,[3]24
[7]35;[7]36
[4]30;[4]31
[1]33;[1]34
[5]26;[5]27
[2]27;[2]28
[3]24;[4]32,[3]25
[7]36;[7]37
[6]35;[6]36
[4]31;[4]32,[3]25
[5]27;[5]28
[0]31;[0]32
[8]33;[8]34
[1]34;[1]35
[9]34;[9]35
[7]37;[7]38
[2]28;[2]29
[0]32;[0]33
[4]32;[3]26
[5]28;[5]29
[6]36;[6]37
[9]35;[9]36
[0]33;[0]34
[8]34;[8]35
[3]25;[4]33
[5]29;[5]30
[7]38;[7]39
[2]29;[2]30
[9]36;[9]37
[8]35;[8]36
[1]35;[1]36
[5]30;[5]31
[7]39;[7]40
[3]26;[4]33,[3]27
[9]37;[9]38
[0]34;[0]35
[8]36;[8]37
[7]40;[7]41
[2]30;[2]31
[6]37;[6]38
[4]33;[4]34
[5]31;[5]32
[7]41;[7]42
[3]27;[3]28,[4]35
[2]31;[2]32
[6]38;[6]39
[9]38;[9]39
[1]36;[1]37
[5]32;[5]33
[8]37;[8]38
[2]32;[2]33
[0]35;[0]36
[9]39;[9]40
[1]37;[1]38
[5]33;[5]34
[4]34;[3]28,[4]35
[1]38;[1]39
[9]40;[9]41
[8]38;[8]39
[7]42;[7]43
[5]34;[5]35
[2]33;[2]34
[6]39;[6]40
[3]28;[3]29
[1]39;[1]40
[0]36;[0]37
[4]35;[3]30
[2]34;[2]35
[6]40;[6]41
[3]29;[4]36,[3]30
[5]35;[5]36
[8]39;[8]40
[9]41;[9]42
[7]43;[7]44
[1]40;[1]41
[2]35;[2]36
[0]37;[0]38
[4]36;[4]37,[3]31
[9]42;[9]43
[8]40;[8]41
[1]41;[1]42
[3]30;
[6]41;[6]42
[4]37;[4]38,[3]32
[2]36;[2]37
[8]41;[8]42
[3]31;
[5]36;[5]37
[7]44;[7]45
[6]42;[6]43
[9]43;[9]44
[0]38;[0]39
[5]37;[5]38
[1]42;[1]43
[4]38;[4]39
[3]32;[4]40,[3]33
[1]43;[1]44
[7]45;[7]46
[4]39;[4]40,[3]33
[6]43;[6]44
[8]42;[8]43
[0]39;[0]40
[2]37;[2]38
[9]44;[9]45
[5]38;[5]39
[2]38;[2]39
[6]44;[6]45
[8]43;[8]44
[1]44;[1]45
[5]39;[5]40
[2]39;[2]40
[8]44;[8]45
[6]45;[6]46
[7]46;[7]47
[5]40;[5]41
[4]40;[4]41
[3]33;[3]34
[1]45;[1]46
[8]45;[8]46
[0]40;[0]41
[5]41;[5]42
[2]40;[2]41
[4]41;[4]42
[7]47;[7]48
[0]41;[0]42
[5]42;[5]43
[6]46;[6]47
[9]45;[9]46
[8]46;[8]47
[1]46;[1]47
[0]42;[0]43
[3]34;[3]35
[1]47;[1]48
[0]43;[0]44
[8]47;[8]48
[1]48;[1]49
[6]47;[6]48
[9]46;[9]47
[8]48;[8]49
[5]43;[5]44
[2]41;[2]42
[3]35;[3]36
[7]48;[7]49
[5]44;[5]45
[1]49;[1]50
[9]47;[9]48
[2]42;[2]43
[8]49;[8]50
[1]50;[1]51
[9]48;[9]49
[4]42;[4]43
[0]44;[0]45
[8]50;[8]51
[3]36;[3]37
[7]49;[7]50
[4]43;[4]44,[3]38
[3]37;[3]38
[7]50;[7]51
[0]45;[0]46
[5]45;[5]46
[9]49;[9]50
[1]51;[1]52
[9]50;[9]51
[4]44;[4]45
[0]46;[0]47
[3]38;[3]39
[1]52;[1]53
[8]51;[8]52
[2]43;[2]44
[1]53;[1]54
[7]51;[7]52
[3]39;[3]40,[4]46
[9]51;[9]52
[4]45;[4]46
[7]52;[7]53
[6]48;[6]49
[3]40;[3]41
[9]52;[9]53
[1]54;[1]55
[5]46;[5]47
[2]44;[2]45
[4]46;[3]42,[4]47
[3]41;[3]42,[4]47
[7]53;[7]54
[8]52;[8]53
[0]47;[0]48
[9]53;[9]54
[5]47;[5]48
[6]49;[6]50
[1]55;[1]56
[7]54;[7]55
[2]45;[2]46
[3]42;[4]48
[1]56;[1]57
[4]47;
[0]48;[0]49
[9]54;[9]55
[2]46;[2]47
[7]55;[7]56
[5]48;[5]49
[4]48;[3]43
[9]55;[9]56
[2]47;[2]48
[5]49;[5]50
[6]50;[6]51
[8]53;[8]54
[7]56;[7]57
[0]49;[0]50
[3]43;[3]44,[4]49
[1]57;[1]58
[6]51;[6]52
[8]54;[8]55
[0]50;[0]51
[9]56;[9]57
[7]57;[7]58
[3]44;[3]45
[4]49;[4]50
[6]52;[6]53
[1]58;[1]59
[2]48;[2]49
[9]57;[9]58
[4]50;[4]51
[8]55;[8]56
[6]53;[6]54
[1]59;[1]60
[5]50;[5]51
[3]45;[3]46
[0]51;[0]52
[6]54;[6]55
[4]51;[4]52
[2]49;[2]50
[1]60;[1]61
[9]58;[9]59
[7]58;[7]59
[3]46;[3]47
[5]51;[5]52
[6]55;[6]56
[7]59;[7]60
[3]47;[3]48
[8]56;[8]57
[1]61;[1]62
[7]60;[7]61
[8]57;[8]58
[9]59;[9]60
[4]52;[4]53
[6]56;[6]57
[9]60;[9]61
[7]61;[7]62
[0]52;[0]53
[8]58;[8]59
[5]52;[5]53
[6]57;[6]58
[0]53;[0]54
[1]62;[1]63
[8]59;[8]60
[3]48;[3]49
[5]53;[5]54
[0]54;[0]55
[1]63;[1]64
[8]60;[8]61
[3]49;[3]50
[4]53;[3]50,[4]54
[2]50;[2]51
[1]64;[1]65
[7]62;[7]63
[8]61;[8]62
[6]58;[6]59
[0]55;[0]56
[3]50;[3]51
[8]62;[8]63
[4]54;[4]55
[9]61;[9]62
[0]56;[0]57
[1]65;[1]66
[3]51;[3]52
[4]55;[4]56
[7]63;[7]64
[5]54;[5]55
[9]62;[9]63
[6]59;[6]60
[8]63;[8]64
[1]66;[1]67
[3]52;[3]53
[7]64;[7]65
[5]55;[5]56
[0]57;[0]58
[9]63;[9]64
[3]53;[3]54
[1]67;[1]68
[8]64;[8]65
[0]58;[0]59
[5]56;[5]57
[2]51;[2]52
[1]68;[1]69
[8]65;[8]66
[2]52;[2]53
[7]65;[7]66
[5]57;[5]58
[3]54;[3]55
[4]56;[4]57
[8]66;[8]67
[0]59;[0]60
[9]64;[9]65
[5]58;[5]59
[6]60;[6]61
[7]66;[7]67
[4]57;[4]58
[9]65;[9]66
[5]59;[5]60
[7]67;[7]68
[8]67;[8]68
[3]55;[3]56
[7]68;[7]69
[4]58;[4]59
[1]69;[1]70
[5]60;[5]61
[3]56;[3]57
[6]61;[6]62
[4]59;[4]60
[1]70;[1]71
[7]69;[7]70
[0]60;[0]61
[4]60;[4]61
[3]57;[3]58
[8]68;[8]69
[0]61;[0]62
[5]61;[5]62
[9]66;[9]67
[4]61;[4]62
[2]53;[2]54
[3]58;[3]59
[7]70;[7]71
[1]71;[1]72
[6]62;[6]63
[5]62;[5]63
[7]71;[7]72
[0]62;[0]63
[8]69;[8]70
[4]62;[4]63
[9]67;[9]68
[1]72;[1]73
[6]63;[6]64
[3]59;[3]60
[2]54;[2]55
[7]72;[7]73
[6]64;[6]65
[4]63;[4]64
[9]68;[9]69
[5]63;[5]64
[1]73;[1]74
[3]60;[3]61
[0]63;[0]64
[4]64;[4]65
[5]64;[5]65
[3]61;[3]62
[2]55;[2]56
[0]64;[0]65
[9]69;[9]70
[6]65;[6]66
[8]70;[8]71
[7]73;[7]74
[4]65;[4]66
[9]70;[9]71
[1]74;[1]75
[2]56;[2]57
[7]74;[7]75
[8]71;[8]72
[5]65;[5]66
[4]66;[4]67
[7]75;[7]76
[6]66;[6]67
[8]72;[8]73
[9]71;[9]72
[0]65;[0]66
[3]62;[3]63
[4]67;[4]68
[2]57;[2]58
[6]67;[6]68
[5]66;[5]67
[9]72;[9]73
[3]63;[3]64
[8]73;[8]74
[5]67;[5]68
[7]76;[7]77
[2]58;[2]59
[9]73;[9]74
[8]74;[8]75
[9]74;[9]75
[3]64;[3]65,[4]70
[7]77;[7]78
[6]68;[6]69
[0]66;[0]67
[2]59;[2]60
[4]68;[4]69
[9]75;[9]76
[7]78;[7]79
[4]69;[4]70
[5]68;[5]69
[0]67;[0]68
[2]60;[2]61
[8]75;[8]76
[6]69;[6]70
[3]65;[3]66
[1]75;[1]76
[5]69;[5]70
[4]70;[3]67
[0]68;[0]69
[2]61;[2]62
[9]76;[9]77
[6]70;[6]71
[3]66;[3]67
[8]76;[8]77
[7]79;[7]80
[5]70;[5]71
[0]69;[0]70
[1]76;[1]77
[8]77;[8]78
[7]80;[7]81
[3]67;[4]71
[0]70;[0]71
[9]77;[9]78
[5]71;[5]72
[6]71;[6]72
[4]71;[4]72,[3]68
[9]78;[9]79
[8]78;[8]79
[5]72;[5]73
[7]81;[7]82
[2]62;[2]63
[4]72;[4]73,[3]69
[1]77;[1]78
[3]68;[4]74
[6]72;[6]73
[2]63;[2]64
[4]73;[4]74
[8]79;[8]80
[3]69;[3]70,[4]75
[7]82;[7]83
[0]71;[0]72
[9]79;[9]80
[8]80;[8]81
[1]78;[1]79
[7]83;[7]84
[4]74;[3]70,[4]75
[5]73;[5]74
[8]81;[8]82
[7]84;[7]85
[1]79;[1]80
[0]72;[0]73
[9]80;[9]81
[6]73;[6]74
[8]82;[8]83
[7]85;[7]86
[5]74;[5]75
[3]70;[4]76
[2]64;[2]65
[4]75;
[0]73;[0]74
[8]83;[8]84
[9]81;[9]82
[6]74;[6]75
[1]80;[1]81
[2]65;[2]66
[5]75;[5]76
[0]74;[0]75
[8]84;[8]85
[9]82;[9]83
[4]76;[3]71
[7]86;[7]87
[1]81;[1]82
[0]75;[0]76
[8]85;[8]86
[3]71;[3]72
[2]66;[2]67
[6]75;[6]76
[0]76;[0]77
[9]83;[9]84
[5]76;[5]77
[2]67;[2]68
[3]72;[4]77,[3]73
[0]77;[0]78
[9]84;[9]85
[5]77;[5]78
[6]76;[6]77
[7]87;[7]88
[4]77;[3]74,[4]78
[2]68;[2]69
[1]82;[1]83
[9]85;[9]86
[3]73;
[0]78;[0]79
[2]69;[2]70
[7]88;[7]89
[1]83;[1]84
[3]74;[3]75
[6]77;[6]78
[2]70;[2]71
[7]89;[7]90
[4]78;[4]79
[3]75;[3]76,[4]79
[6]78;[6]79
[2]71;[2]72
[9]86;[9]87
[5]78;[5]79
[8]86;[8]87
[7]90;[7]91
[5]79;[5]80
[0]79;[0]80
[3]76;[3]77
[6]79;[6]80
[1]84;[1]85
[4]79;[4]80,[3]78
[5]80;[5]81
[0]80;[0]81
[7]91;[7]92
[9]87;[9]88
[1]85;[1]86
[9]88;[9]89
[6]80;[6]81
[0]81;[0]82
[3]77;[4]80,[3]78
[8]87;[8]88
[1]86;[1]87
[2]72;[2]73
[5]81;[5]82
[9]89;[9]90
[8]88;[8]89
[7]92;[7]93
[1]87;[1]88
[4]80;[4]81
[5]82;[5]83
[0]82;[0]83
[2]73;[2]74
[3]78;[3]79,[4]82
[7]93;[7]94
[1]88;[1]89
[9]90;[9]91
[6]81;[6]82
[4]81;[3]79,[4]82
[5]83;[5]84
[8]89;[8]90
[6]82;[6]83
[7]94;[7]95
[5]84;[5]85
[1]89;[1]90
[3]79;[3]80,[4]83
[0]83;[0]84
[7]95;[7]96
[1]90;[1]91
[4]82;[3]81
[8]90;[8]91
[2]74;[2]75
[0]84;[0]85
[9]91;[9]92
[5]85;[5]86
[3]80;[3]81,[4]84
[6]83;[6]84
[1]91;[1]92
[2]75;[2]76
[0]85;[0]86
[4]83;
[8]91;[8]92
[9]92;[9]93
[7]96;[7]97
[3]81;[3]82
[4]84;[4]85
[1]92;[1]93
[9]93;[9]94
[5]86;[5]87
[8]92;[8]93
[4]85;[4]86
[1]93;[1]94
[6]84;[6]85
[2]76;[2]77
[3]82;[3]83
[9]94;[9]95
[6]85;[6]86
[8]93;[8]94
[7]97;[7]98
[0]86;[0]87
[3]83;[3]84
[4]86;[4]87
[3]84;[3]85
[4]87;[4]88
[2]77;[2]78
[8]94;[8]95
[0]87;[0]88
[5]87;[5]88
[6]86;[6]87
[9]95;[9]96
[1]94;[1]95
[4]88;[4]89
[2]78;[2]79
[3]85;[3]86
[0]88;[0]89
[2]79;[2]80
[9]96;[9]97
[7]98;[7]99
[8]95;[8]96
[0]89;[0]90
[9]97;[9]98
[3]86;[3]87
[6]87;[6]88
[1]95;[1]96
[7]99;[7]100
[5]88;[5]89
[3]87;[3]88
[2]80;[2]81
[6]88;[6]89
[8]96;[8]97
[0]90;[0]91
[7]100;
[6]89;[6]90
[1]96;[1]97
[0]91;[0]92
[9]98;[9]99
[8]97;[8]98
[4]89;[3]88
[5]89;[5]90
[2]81;[2]82
[0]92;[0]93
[1]97;[1]98
[5]90;[5]91
[6]90;[6]91
[3]88;[3]89,[4]90
[5]91;[5]92
[6]91;[6]92
[9]99;[9]100
[3]89;[3]90
[2]82;[2]83
[0]93;[0]94
[4]90;
[5]92;[5]93
[3]90;[4]91
[9]100;
[8]98;[8]99
[0]94;[0]95
[1]98;[1]99
[5]93;[5]94
[1]99;[1]100
[4]91;[3]91,[4]92
[2]83;[2]84
[8]99;[8]100
[3]91;[4]93,[3]92
[6]92;[6]93
[4]92;
[1]100;
[6]93;[6]94
[8]100;
[0]95;[0]96
[4]93;[4]94
[2]84;[2]85
[3]92;[3]93
[2]85;[2]86
[4]94;[3]93
[5]94;[5]95
[6]94;[6]95
[5]95;[5]96
[3]93;[4]95,[3]94
[0]96;[0]97
[4]95;[3]95
[3]94;
[0]97;[0]98
[5]96;[5]97
[3]95;[4]96
[2]86;[2]87
[0]98;[0]99
[0]99;[0]100
[6]95;[6]96
[2]87;[2]88
[5]97;[5]98
[6]96;[6]97
[4]96;[3]96
[5]98;[5]99
[5]99;[5]100
[5]100;
[0]100;
[3]96;[3]97,[4]97
[2]88;[2]89
[3]97;[3]98
[4]97;
[6]97;[6]98
[2]89;[2]90
[6]98;[6]99
[3]98;[3]99
[3]99;[3]100
[3]100;[4]98
[2]90;[2]91
[4]98;[4]99
[2]91;[2]92
[6]99;[6]100
[4]99;[4]100
[4]100;
[2]92;[2]93
[2]93;[2]94
[6]100;
[2]94;[2]95
[2]95;[2]96
[2]96;[2]97
[2]97;[2]98
[2]98;[2]99
[2]99;[2]100
[2]100;
