Genesis;[8]1,[6]1,[0]1,[1]1,[4]1,[9]1,[2]1,[3]1,[7]1,[5]1
[8]1;[9]2,[0]2,[1]2,[4]2,[8]2,[6]2,[5]2,[7]2,[2]2,[3]2
[6]1;[9]2,[0]2,[1]2,[4]2,[8]2,[6]2,[5]2,[7]2,[2]2,[3]2
[0]1;[0]3,[8]3,[6]3,[2]3
[1]1;[0]3,[8]3,[6]3,[2]3
[4]1;[1]3,[0]4,[2]4
[9]1;[1]3,[0]4,[2]4
[2]1;[3]4,[9]5,[5]5
[3]1;[3]4,[9]5,[5]5
[7]1;[9]6,[6]6,[3]5,[8]6,[7]6,[5]6
[5]1;[9]6,[6]6,[3]5,[8]6,[7]6
[9]2;[9]3,[4]3,[5]3,[7]3,[3]3
[0]2;[9]3,[4]3,[5]3,[7]3,[3]3
[1]2;[1]6,[4]7,[6]7,[7]7,[9]8
[4]2;[4]7,[8]7,[2]8,[9]8,[1]7
[8]2;[7]8,[4]8,[3]8
[6]2;[8]8,[7]8,[4]8
[5]2;[3]8,[2]9,[6]9
[7]2;[2]9,[5]9,[6]9,[7]9,[8]10,[0]11
[2]2;[0]11,[1]10,[6]10
[3]2;[3]9,[5]10,[1]10,[6]10,[4]10
[0]3;[9]7
[9]3;[9]4,[4]4,[6]4,[8]4
[8]3;
[4]3;[4]4,[6]4,[8]4,[7]4,[1]4
[6]3;[1]7
[5]3;[1]4
[7]3;[5]9,[7]9,[4]9
[9]4;[5]4,[7]4,[6]5,[8]5
[2]3;
[1]3;[5]6,[9]7,[1]6,[8]7,[7]7
[3]3;[8]10,[5]10
[0]4;[6]7
[4]4;[6]5,[8]5,[4]5
[6]4;[0]13,[8]12
[8]4;[0]13
[2]4;[8]8
[5]4;[2]5,[0]5,[7]5,[4]5
[7]4;[6]13,[5]13
[3]4;[2]8,[0]8
[1]4;[7]12,[3]12,[8]13
[9]5;[2]10
[2]5;[2]6,[1]5,[0]6
[6]5;[3]13,[9]12
[0]5;[9]14,[6]16
[8]5;[2]13,[6]14
[7]5;[2]7
[2]6;[4]6,[2]7,[0]7
[5]5;[2]10
[1]5;[0]7
[4]5;[0]17,[8]15
[0]6;[4]17,[8]19
[9]6;[0]8
[6]6;
[3]5;[3]9
[4]6;[3]6,[5]7
[8]6;
[7]6;
[2]7;[5]7,[3]7,[6]8
[0]7;[6]18
[5]6;
[9]7;
[3]6;[3]7,[6]8,[5]8
[1]6;[8]12,[0]14,[4]12
[4]7;[3]12
[8]7;
[6]7;
[7]7;
[2]8;
[5]7;[5]8,[1]8,[8]9
[0]8;
[9]8;
[1]7;
[3]7;[0]9,[9]9,[1]8,[8]9
[8]8;[5]11
[6]8;[2]22
[0]9;[0]10,[9]10
[7]8;[4]9
[9]9;
[5]8;[8]11,[7]11
[4]8;[7]10
[1]8;[5]18
[0]10;[1]9
[8]9;[0]23,[4]19,[9]18,[5]20,[1]20,[6]21
[3]8;[7]10
[9]10;[0]25
[2]9;[6]11
[5]9;[5]11,[6]11
[6]9;[0]16
[7]9;[0]14,[7]12
[1]9;[0]12,[3]10,[8]11
[8]10;[1]11
[0]11;[4]10,[2]11,[1]11
[4]9;[4]12
[3]9;[2]11
[2]10;
[0]12;[4]11,[7]11,[1]12,[3]11
[5]10;[8]13
[1]10;
[6]10;
[3]10;[3]11,[6]12,[5]12
[4]10;
[7]10;[6]13
[8]11;[1]12,[2]12,[6]12,[5]12
[2]11;
[1]11;[2]15,[8]15,[9]13,[0]18
[5]11;[3]15,[2]16
[4]11;[2]12,[1]13
[6]11;[5]13
[0]13;[3]13,[9]12
[7]11;[0]15,[9]11
[8]12;[0]17,[9]13,[1]16
[1]12;[1]13,[9]11
[3]11;[1]27
[2]12;[0]15
[0]14;
[6]12;[9]20,[6]22,[4]21
[5]12;[8]21
[4]12;[1]15
[7]12;[2]13
[1]13;[7]13,[4]13,[8]14,[5]14
[3]12;[0]16,[6]14
[8]13;[3]15,[6]15,[8]16
[0]15;[1]14,[2]14,[7]13,[4]13,[8]14
[6]13;[1]15,[2]15
[9]11;[9]19
[2]13;[6]15,[2]16,[5]16,[0]19
[1]14;[3]14,[5]14,[4]14,[7]14
[5]13;[1]16,[8]16
[3]13;[0]18,[7]15,[5]16
[2]14;[7]14
[0]16;[8]17
[7]13;[4]14,[5]15
[6]14;[6]16,[4]16
[4]13;[5]15
[8]14;[7]23,[1]24
[3]14;[4]15,[3]16,[5]17
[5]14;[7]16,[9]15,[5]17
[9]12;[0]19,[8]17
[1]15;[9]14,[2]17
[0]17;[7]15
[2]15;[1]20
[4]14;[4]15,[7]16,[9]15
[7]14;[4]24,[6]25
[5]15;[4]23,[8]24,[9]22,[2]25
[8]15;[4]16
[9]13;
[1]16;[2]18,[5]18
[0]18;[2]17
[3]15;
[6]15;[0]21
[7]15;[4]17
[2]16;
[8]16;
[9]14;[0]21,[2]18,[6]18
[5]16;[8]19
[0]19;[3]21
[4]15;[0]20,[3]17,[1]17,[6]17,[7]17,[8]18
[3]16;[4]25,[6]26
[7]16;[7]17,[8]18
[6]16;[8]23
[8]17;[6]19
[2]17;[4]18,[2]20
[0]20;[3]18,[9]16,[5]19,[7]18
[9]15;[3]26
[3]17;[3]18,[9]16,[5]19,[7]18
[5]17;[9]24,[6]25,[0]29
[1]17;[6]27,[2]28,[3]30
[6]17;[3]26
[4]16;[3]21,[0]24
[7]17;[0]29,[4]26
[8]18;[8]27,[5]26,[1]29
[0]21;[9]18
[2]18;
[5]18;[4]19,[5]20
[6]18;[4]18,[2]20
[4]17;[6]19
[3]18;[0]22,[3]19,[1]18,[2]19
[9]16;[8]27
[0]22;[9]17,[3]20,[1]19
[3]19;[7]19,[8]20
[8]19;
[1]18;[7]28,[4]29,[1]31
[2]19;[6]29,[8]29,[9]28,[4]30
[5]19;[6]27,[7]27
[7]18;[4]28,[9]27,[2]29
[6]19;[6]21
[9]17;[6]20,[7]19,[8]20
[4]18;[0]23
[3]20;[2]21
[1]19;[3]31,[0]32,[8]29
[2]20;[5]21,[7]21,[9]20
[6]20;[7]20,[2]21,[4]20
[0]23;[9]19,[8]21
[7]19;[4]20
[4]19;[6]22,[0]25
[9]18;[0]24,[5]21
[8]20;[1]21
[5]20;[2]22,[4]22
[7]20;[3]22,[1]21
[1]20;[0]26
[3]21;[7]21
[6]21;[4]21
[2]21;[6]30,[5]29,[7]30,[9]29,[0]34
[9]19;[7]22,[4]22,[8]23
[8]21;[7]22,[9]21
[3]22;[3]23,[8]22,[1]22
[4]20;[0]34,[3]34,[5]30
[0]24;[7]23
[5]21;
[1]21;[5]31,[8]32,[9]31
[3]23;[3]24,[5]22
[7]21;
[8]22;[6]23
[1]22;[3]36,[9]32
[9]20;
[6]22;[1]25
[3]24;[1]23,[6]23,[3]25
[4]21;[4]23,[8]24
[0]25;
[5]22;[1]34
[2]22;[9]21
[7]22;[1]24,[0]26,[9]22
[1]23;[2]23
[6]23;[5]32,[6]34,[1]37
[3]25;[5]23
[4]22;
[8]23;[2]25
[9]21;[8]25
[2]23;[2]24,[7]24,[5]23
[7]23;[1]25,[4]24
[1]24;[7]25,[1]26,[0]28
[0]26;[7]25,[1]26,[0]28
[2]24;[0]27
[7]24;[1]37
[4]23;[8]25
[8]24;[5]26,[3]30
[9]22;[9]24
[0]27;[9]23,[6]24,[5]24
[5]23;[5]24
[1]25;[8]26
[3]26;[4]26
[9]23;[3]27,[2]26,[7]26,[5]25
[6]24;[7]26,[5]25,[3]28
[2]25;[2]27,[0]30
[7]25;[4]25
[8]25;[1]27
[4]24;[8]26
[1]26;[6]26
[5]24;[9]34,[3]39
[0]28;[4]28
[3]27;[3]28
[9]24;[1]29
[2]26;[3]29
[6]25;[2]29
[8]26;[2]27,[0]30
[1]27;[2]28
[4]25;[7]27
[7]26;[9]25
[5]25;[9]34
[3]28;[1]28,[3]29,[9]25
[0]29;[1]31,[9]28
[6]26;
[1]28;[4]27
[2]27;[3]33
[4]26;[8]28,[7]28,[3]31
[3]29;[6]28
[0]30;
[9]25;[5]27,[6]28
[4]27;[9]26,[0]31,[5]27
[8]27;[7]29,[3]33
[5]26;
[6]27;[9]27
[9]26;[1]30
[1]29;[8]28
[7]27;[7]29
[2]28;[4]29
[3]30;
[0]31;[2]30
[4]28;[0]32,[6]29
[1]30;[3]32,[5]28,[2]30,[0]33
[5]27;[5]28
[6]28;[9]35,[7]38
[9]27;[1]33
[8]28;[3]36
[2]29;[4]30
[7]28;[5]29
[3]31;[6]33
[4]29;
[1]31;[9]30
[0]32;[7]30,[5]30
[6]29;[6]30
[3]32;[8]30,[1]32,[2]31
[8]29;[0]35
[5]28;[8]31
[9]28;
[2]30;
[0]33;
[7]29;[9]29
[8]30;[8]31,[2]32,[6]31,[4]31
[4]30;
[1]32;[2]32,[6]31,[4]31
[2]31;
[6]30;[1]33,[3]34
[3]33;[9]30
[5]29;[5]31
[7]30;[0]35,[9]31
[8]31;[7]31,[2]33,[3]35
[9]29;
[0]34;[8]32,[0]36
[2]32;[6]32
[1]33;[1]34,[0]36
[3]34;[1]35,[7]34
[6]31;[6]32
[7]31;[7]32,[2]34,[4]32
[5]30;[4]39
[2]33;[4]32
[4]31;
[3]35;[9]36,[1]39,[5]36,[3]41,[4]38
[9]30;
[7]32;[7]33,[2]35
[2]34;[8]40,[1]41,[4]40
[0]35;[7]37
[6]32;
[1]34;[1]35
[7]33;[4]33,[8]33,[2]36
[5]31;[6]33,[7]34,[9]32
[8]32;[8]34
[4]32;[9]37,[0]41
[2]35;[0]37
[9]31;[8]34,[9]33
[4]33;[3]37,[1]36,[4]34,[0]37,[2]37
[0]36;[6]34
[1]35;[5]32
[3]36;[9]33,[5]33
[8]33;[2]37,[7]35
[6]33;[3]38
[2]36;[7]35
[7]34;
[3]37;[4]35,[6]35,[0]38,[2]38
[1]36;[4]35,[6]35,[0]38,[2]38
[4]34;[7]46
[9]32;[3]40
[0]37;[1]43,[3]46,[6]45
[5]32;[5]33
[6]34;[3]38
[8]34;[7]37
[2]37;[7]44,[4]44
[7]35;[4]44,[1]45
[4]35;[8]35,[4]36,[7]36
[9]33;[8]37
[1]37;[3]39
[8]35;[8]36,[5]34,[6]36,[0]39
[6]35;[1]45
[5]33;[9]35,[8]37
[4]36;[6]36,[0]39,[2]39
[0]38;[1]46,[6]49
[3]38;
[7]36;[1]38
[2]38;[4]45,[0]48
[8]36;[1]38,[2]39,[6]37,[4]37,[5]35
[9]34;[7]38,[6]38
[5]34;[4]37,[5]35
[7]37;[9]36
[3]39;[3]40
[6]36;[7]46
[0]39;[6]49,[7]47
[1]38;[0]40,[2]40
[9]35;[6]38,[1]39,[8]38,[5]36,[3]41,[9]37
[8]37;
[2]39;[0]40,[2]40
[6]37;[0]54,[7]52
[7]38;[8]38,[7]39,[4]38
[4]37;[9]47
[3]40;[7]39,[6]39
[5]35;[2]53
[9]36;[0]41,[8]39
[0]40;[1]40,[2]41,[3]42
[6]38;[6]39,[8]39,[7]40
[2]40;[4]51
[1]39;[2]43
[8]38;[7]40
[7]39;[4]39,[2]43
[5]36;[9]38
[3]41;[7]42,[5]39
[4]38;[1]41
[9]37;[5]37
[1]40;[2]42,[6]40,[3]43,[0]42
[2]41;[0]42
[6]39;[9]38,[8]40,[5]37,[6]41,[3]44
[0]41;[0]43,[5]38,[8]41,[9]39
[3]42;
[8]39;[6]42
[7]40;[6]41,[4]40,[3]44,[0]43,[8]41
[2]42;[7]41
[6]40;[1]42
[4]39;[2]45,[5]39
[3]43;[2]58
[0]42;[2]52
[9]38;[4]42,[1]43
[8]40;[5]38,[9]39
[5]37;[7]43,[1]44,[2]47
[7]41;[2]44,[1]42
[2]43;[3]45,[0]44
[1]41;[0]44,[3]46
[6]41;[6]42,[2]45,[7]42
[4]40;[9]41,[5]41,[0]46,[2]47,[8]44
[3]44;
[0]43;[8]46,[0]48
[5]38;[3]45
[2]44;[4]41,[8]42,[6]43
[8]41;[6]46
[9]39;[2]48,[5]43,[8]46
[6]42;[4]42,[2]46,[9]41
[1]42;
[4]41;[9]40,[6]44,[0]45
[8]42;[0]45
[3]45;[9]43
[6]43;[8]43
[0]44;[2]46,[6]45
[2]45;[7]43,[3]47
[7]42;
[9]40;[5]40,[8]43
[5]39;
[6]44;
[4]42;[3]47,[1]44,[0]46
[1]43;[5]41,[8]44
[3]46;[7]44
[5]40;[4]43,[9]42
[0]45;
[2]46;[8]45
[8]43;[5]42
[7]43;[6]46
[9]41;
[6]45;[9]43,[8]45
[4]43;[0]47,[5]42
[3]47;
[1]44;[9]44
[5]41;[4]45,[1]46
[0]46;[9]46
[9]42;[3]48
[2]47;[2]48,[9]44
[8]44;[4]47
[6]46;[0]49,[5]45
[0]47;[6]47,[7]45,[3]48
[7]44;[2]49,[3]50,[1]47
[5]42;
[4]44;[9]49
[1]45;[2]49,[5]45,[1]47
[9]43;[5]43
[6]47;[3]49,[6]48,[5]44,[4]46
[7]45;[3]49,[6]48,[5]44,[4]46
[8]45;[0]49
[2]48;[8]49
[3]48;[9]45
[5]43;[4]47
[7]46;[7]47,[9]46,[2]50,[6]50
[9]44;
[8]46;
[4]45;[5]46
[3]49;[9]45,[8]47
[6]48;
[0]48;
[1]46;[3]50,[6]50
[5]44;
[4]46;
[9]45;[0]50
[8]47;
[2]49;
[0]49;[2]50
[6]49;[5]46,[8]48,[0]51,[7]49
[4]47;[9]47,[0]51
[7]47;[7]49,[8]49,[4]49,[2]52,[9]49
[3]50;[8]48
[5]45;
[1]47;[5]49
[9]46;[4]49
[0]50;[1]48,[7]48,[2]51
[2]50;[4]51,[5]50,[2]54,[8]51
[1]48;[4]48,[6]51
[6]50;[0]53,[4]50,[2]53,[5]49,[1]51
[7]48;[3]51
[2]51;
[9]47;[6]54
[4]48;[9]48,[5]47,[1]49,[3]51,[0]52
[5]46;[6]53
[6]51;
[8]48;[6]53,[1]53
[0]51;[2]57
[9]48;[8]50,[5]48,[1]50,[7]50,[6]52,[3]52
[5]47;[5]48,[1]50,[7]50,[6]52,[3]52
[1]49;
[7]49;[0]53,[1]51
[3]51;
[8]49;[4]50
[0]52;
[4]49;[7]52,[2]54,[9]51
[8]50;[7]51,[9]50
[2]52;[2]55,[0]56,[1]54
[9]49;[7]53,[3]55,[2]56
[5]48;[7]51,[9]50
[1]50;
[7]50;
[0]53;[0]54,[5]50
[4]50;[8]51,[1]53
[6]52;
[3]52;
[2]53;[6]54
[5]49;[5]54,[9]55
[7]51;[1]52,[0]55,[3]53
[1]51;[9]51,[0]56,[7]53
[9]50;
[4]51;[3]55,[2]56,[0]57
[0]54;[6]55
[1]52;[4]52,[3]54,[5]51
[5]50;[2]55
[0]55;[5]51,[8]52,[9]52
[7]52;[1]54
[2]54;[3]57,[7]55,[5]54
[8]51;[8]53,[6]55,[2]57
[3]53;[8]52
[6]53;[0]57,[3]56
[4]52;[9]52,[5]52
[9]51;[8]56,[1]57
[3]54;[5]52,[7]54
[1]53;[8]57,[6]59
[2]55;[3]57
[0]56;[7]55
[5]51;[7]54
[6]54;[3]58
[7]53;[8]53
[8]52;
[9]52;[9]53,[5]53,[4]53
[3]55;[3]56
[1]54;[3]58,[2]59,[9]56
[2]56;[9]54
[5]52;[4]53,[0]58
[0]57;[9]54
[9]53;[8]54,[1]55,[6]56,[0]58
[8]53;[9]58,[8]58,[4]57
[6]55;[2]58,[9]55
[5]53;
[3]56;[5]55,[8]56,[3]59
[2]57;[6]60
[8]54;[8]55,[1]56,[4]54,[6]57
[7]54;[6]58
[1]55;[4]54,[6]57
[6]56;
[4]53;
[0]58;
[9]54;[9]56
[8]55;[0]59,[7]56,[4]55
[3]57;[5]55,[2]59,[1]57,[3]59
[1]56;[4]55,[0]60
[7]55;[5]57,[7]58
[5]54;[3]60
[2]58;[5]57
[4]54;
[6]57;
[0]59;[0]60,[6]58,[5]56,[7]57,[4]56
[9]55;[7]59
[7]56;
[3]58;[9]58,[4]57,[6]60
[5]55;[6]59
[2]59;[8]58,[0]63
[4]55;[5]99
[8]56;[8]57,[7]58,[3]60
[0]60;[0]61,[2]60,[9]57,[1]58
[6]58;[1]58
[5]56;
[9]56;[7]59,[1]60,[5]58
[7]57;
[1]57;[0]63,[5]58,[6]61
[3]59;[6]61,[4]58
[4]56;
[0]61;[0]62
[2]60;
[9]57;
[8]57;[9]59,[8]60
[0]62;[1]59,[3]61
[5]57;[4]58,[1]61
[6]59;[7]60
[1]58;[5]69
[7]58;[6]64,[7]63
[3]60;[2]62,[5]59
[1]59;[2]61,[3]62
[9]58;[1]60,[8]59,[9]59,[2]62
[8]58;[8]59
[4]57;[5]59
[6]60;[2]64,[1]63
[3]61;
[0]63;[7]60
[7]59;[8]60
[2]61;[0]64,[3]63
[3]62;[6]62
[1]60;[7]61
[8]59;[1]61,[7]61,[3]65
[5]58;[7]63
[6]61;[3]65,[4]59
[0]64;[3]64,[0]65,[6]62
[3]63;
[4]58;[1]63,[2]65
[9]59;[0]67,[6]64,[3]66
[7]60;[3]66
[3]64;[2]63,[9]60,[1]62,[6]63
[0]65;[1]62,[6]63
[2]62;[4]59
[1]61;[6]65
[8]60;[9]63,[0]68,[2]67
[6]62;[0]66
[2]63;[9]61,[5]60,[0]66
[5]59;[2]64,[0]67
[9]60;[7]62
[7]61;[0]68,[2]67,[5]64
[3]65;[2]65,[4]61
[9]61;[8]61,[4]60,[5]61,[7]62
[5]60;[8]62
[4]59;[1]64,[7]64
[1]62;
[6]63;
[0]66;[9]62
[8]61;[8]62,[9]62
[2]64;[4]61,[6]65
[4]60;[8]63
[5]61;[8]63
[7]62;
[0]67;[1]64
[8]62;[4]62,[5]62,[2]66,[3]67
[6]64;[9]63
[1]63;[5]64,[0]69,[2]68
[3]66;[9]64
[9]62;
[2]65;[1]67,[0]70,[5]66
[4]61;[1]65,[9]64,[6]68
[7]63;[3]68,[2]68
[4]62;[4]63,[5]63,[6]66,[8]64
[5]62;[8]64
[2]66;
[8]63;
[3]67;
[6]65;[7]64,[4]65
[9]63;[1]65,[6]68
[4]63;[4]64,[6]67
[5]63;
[1]64;[3]68,[4]65,[0]69
[6]66;
[0]68;[9]65,[8]66,[1]67,[0]70
[4]64;[8]65,[7]65,[5]65,[1]66
[2]67;[3]70,[8]67,[7]67,[0]71
[8]64;
[6]67;
[7]64;[9]65,[7]66
[1]65;[2]70,[9]67,[4]68
[9]64;[7]66,[5]66
[5]64;[7]67,[3]71,[1]68,[2]70,[6]70
[8]65;[3]69,[4]66
[3]68;[8]66,[4]67
[7]65;
[4]65;[4]67
[5]65;
[1]66;
[6]68;[8]69
[0]69;[0]71,[1]68
[2]68;[2]72,[8]69
[3]69;[9]66,[2]69,[6]69
[9]65;[3]70,[8]67
[4]66;
[7]66;[9]67,[4]68
[8]66;[0]72
[9]66;[5]67
[2]69;[2]71,[1]69
[1]67;[0]72,[9]68,[2]72
[0]70;[5]68
[6]69;[8]68,[3]72,[6]71
[3]70;[3]71,[6]70
[5]66;[1]70,[7]71
[4]67;[5]71
[8]67;[5]68
[7]67;[9]68,[1]70
[5]67;[7]68,[8]68,[2]71,[1]69,[3]72,[6]71
[0]71;[4]70
[3]71;[7]71,[1]71
[1]68;[5]71
[2]70;[8]70,[9]69,[2]73
[6]70;[9]70,[3]75,[6]75,[1]73
[7]68;[7]69
[9]67;[0]73
[8]68;[7]70,[6]72,[3]73
[5]68;[2]73,[7]73,[0]75,[4]71,[9]70
[7]69;[5]69,[7]70,[6]72,[4]69
[4]68;[3]74,[0]75
[2]71;[4]69,[3]73
[1]69;
[3]72;
[6]71;
[0]72;[0]73
[9]68;[1]71
[5]69;[5]70,[6]73,[0]74
[7]70;[6]73,[0]74
[2]72;[8]70,[3]74
[1]70;[4]70,[9]69
[6]72;
[4]69;
[0]73;[1]72,[2]74,[7]74
[8]69;[6]75,[0]77
[3]73;
[5]70;[7]72
[7]71;[7]73,[4]71
[8]70;[7]74,[2]75,[8]73
[6]73;[6]74
[0]74;[8]71,[5]72
[4]70;[1]72,[8]72
[1]71;[2]74
[7]72;[6]74,[8]71,[5]72
[9]69;[7]75
[5]71;[8]72,[5]73,[0]77,[4]72
[3]74;[3]75
[2]73;[5]73,[4]72,[8]73
[6]74;[0]76
[7]73;[5]74
[0]75;[0]78,[8]74
[8]71;
[5]72;
[1]72;[1]73
[4]71;[8]75,[1]76,[0]80,[5]76
[9]70;[2]75,[0]78
[3]75;[9]73
[0]76;[9]71
[2]74;[5]74,[8]74
[8]72;[1]74,[7]75,[6]77
[9]71;[3]76,[9]72,[6]76
[7]74;[1]74
[6]75;[4]74
[1]73;[9]74
[5]73;[0]79
[0]77;[1]78
[3]76;[4]73,[3]77
[4]72;[4]74
[2]75;[6]77,[9]73
[9]72;[3]77
[6]76;[2]76,[7]76
[8]73;[3]80,[5]78
[4]73;[1]75,[2]76,[7]76,[5]75,[6]78
[1]74;[8]75,[3]79
[7]75;[5]76,[4]76
[0]78;[6]80,[0]81,[7]79
[5]74;[0]79,[1]76
[3]77;[5]75,[6]78
[6]77;[1]78,[7]80
[1]75;[4]75,[3]78,[7]77,[2]77
[4]74;[9]74
[2]76;
[9]73;[0]80,[4]76
[7]76;
[8]74;[5]77,[7]79
[4]75;[7]78,[6]79,[2]78,[1]77,[8]76,[9]75
[0]79;[5]77,[6]80,[0]81,[4]77
[3]78;[7]78,[6]79,[2]78,[1]77,[8]76,[9]75
[5]75;
[7]77;
[2]77;
[6]78;
[9]74;[3]79
[8]75;[4]78,[2]81,[0]84,[8]78
[1]76;[1]79,[2]81
[0]80;[3]80,[4]77
[5]76;[4]78,[3]81
[4]76;[5]79,[1]80,[7]82
[7]78;[2]79
[6]79;[2]79
[2]78;[6]81
[3]79;[7]82,[2]83
[1]77;[9]76,[6]81
[8]76;
[9]75;
[5]77;[5]78,[7]80
[2]79;[0]82,[9]76
[6]80;[9]80,[0]86
[0]81;[2]80,[3]81
[3]80;[2]80,[1]79,[6]82
[7]79;[3]86
[4]77;[2]83,[7]83
[0]82;[0]83,[8]77
[1]78;[6]82,[4]79
[5]78;[0]84,[8]78,[5]79,[4]79
[0]83;[9]77,[7]81,[3]82
[9]76;
[6]81;
[2]80;[1]80
[7]80;[0]86,[4]80
[8]77;[9]78
[4]78;[9]80,[6]84,[3]85
[1]79;[3]83
[3]81;[9]83
[9]77;[2]82,[9]78,[6]83,[0]85,[8]79
[7]81;[6]83,[0]85,[8]79
[6]82;[3]83
[3]82;
[2]81;[9]81,[1]83
[0]84;[4]80
[8]78;[3]86
[5]79;[8]81,[6]86
[1]80;[6]84
[2]82;[9]79,[5]80,[1]81
[9]78;
[4]79;[9]82,[7]85
[7]82;[7]83,[2]84
[9]79;[3]84,[5]81
[3]83;[3]85,[2]84
[5]80;[5]81
[6]83;
[1]81;[1]82,[8]80
[0]85;
[8]79;
[2]83;[4]81,[9]82,[8]81
[3]84;[1]82,[8]80
[9]80;[6]85,[4]82
[0]86;[9]81,[4]81,[6]85
[7]83;[4]82,[2]85,[3]87,[0]89,[6]86
[6]84;[1]83
[4]80;[5]84,[2]86
[5]81;
[3]85;[9]83,[8]82,[5]84
[1]82;[0]87,[7]84,[5]82
[2]84;[9]84,[3]89
[8]80;
[0]87;[0]88
[7]84;[5]83,[4]83
[9]81;[7]85
[3]86;[2]85,[0]89
[4]81;[3]87,[8]82
[5]82;
[1]83;[7]86
[0]88;[1]84,[5]83,[4]83
[6]85;[7]87
[9]82;[7]86,[3]88,[6]87
[8]81;[3]88,[9]84,[7]87
[7]85;[6]87,[4]85
[4]82;[2]86,[9]85
[1]84;[1]85
[2]85;[3]89,[9]85
[3]87;[2]87,[9]86
[0]89;[6]91,[1]89
[5]83;[1]86,[0]90,[4]84,[8]83
[1]85;[1]86,[0]90,[8]83
[6]86;[2]89,[6]91,[3]93,[4]89
[9]83;[0]92,[8]85,[6]89,[1]88
[8]82;[2]87,[1]88
[4]83;[4]84
[7]86;[6]88
[5]84;[6]88
[1]86;[0]91,[1]87,[8]84,[5]85
[3]88;[5]87
[0]90;[1]87,[8]84,[5]85,[7]88,[3]90
[9]84;[4]85,[0]92
[4]84;
[8]83;
[6]87;[3]91,[9]87
[2]86;[3]91,[6]90,[8]86,[5]87
[0]91;[7]88,[4]86,[3]90,[5]86
[7]87;[9]86,[8]85
[3]89;[6]89
[9]85;[0]95,[5]88
[4]85;[6]90
[1]87;[5]86
[8]84;
[6]88;[5]88
[5]85;
[7]88;[0]93,[7]89,[4]87,[2]88
[4]86;[2]88
[0]92;[2]90,[5]89,[8]89
[3]90;
[2]87;[9]87,[8]86,[0]95
[9]86;[2]89,[1]89,[3]93,[4]89,[7]91
[0]93;[0]94,[7]90
[8]85;[4]90
[6]89;[7]91,[2]90
[5]86;[7]97
[7]89;[7]90
[1]88;[3]97,[8]91,[6]95
[4]87;[9]88
[0]94;[4]88,[3]92,[8]87,[9]88
[2]88;
[3]91;[5]91,[4]93,[0]100,[1]92,[9]92
[9]87;[7]95
[6]90;[5]90
[8]86;[6]95,[7]94
[5]87;[7]93,[5]91
[7]90;
[4]88;[0]96,[8]88
[0]95;[3]95,[2]92
[3]92;[8]88
[8]87;
[9]88;
[2]89;[5]89,[8]89
[0]96;[6]92,[0]97,[9]89,[3]94
[6]91;[2]92
[1]89;[4]93,[1]92
[5]88;[4]90,[3]95,[0]98
[3]93;[2]93,[0]100
[4]89;[5]94
[6]92;[6]93,[2]91,[1]90,[9]90,[7]92,[4]91
[8]88;
[0]97;[6]93,[1]90
[9]89;
[7]91;[5]90
[3]94;
[2]90;[6]98,[3]100,[1]95
[5]89;[0]98
[4]90;[3]97,[2]93,[7]94
[6]93;[3]96,[8]90,[1]91,[9]91,[4]92,[6]94,[0]99
[2]91;[1]91,[9]91,[4]92,[6]94,[0]99
[8]89;[8]91
[1]90;
[3]95;[7]93
[9]90;
[7]92;
[4]91;
[0]98;[5]92,[1]93
[3]96;[2]94,[8]92,[4]94
[5]90;[9]92,[5]92
[2]92;[9]94,[8]93,[5]94
[8]90;[2]94,[4]94
[1]91;
[9]91;
[4]92;
[6]94;
[0]99;
[7]93;[1]93,[3]98
[3]97;[7]96,[8]93
[2]93;[7]95
[5]91;[6]96
[4]93;[6]96
[8]91;[3]99,[1]94,[8]94
[6]95;[3]98,[7]96
[0]100;[9]96,[7]99
[7]94;[6]97
[1]92;[2]98,[6]100
[9]92;[3]99
[2]94;[9]93,[5]93
[8]92;
[5]92;[9]94
[4]94;
[7]95;[6]97,[1]94
[1]93;[1]95
[9]93;[4]95,[2]95
[6]96;[6]99
[5]93;[4]96
[3]98;[1]97,[9]98
[4]95;[2]96,[4]96,[7]97
[2]95;[9]95
[7]96;[2]98
[6]97;[6]98,[8]94
[2]96;[9]95,[5]95,[7]98,[4]97,[2]97
[9]94;[9]96
[8]93;[9]99
[5]94;[3]100
[4]96;[5]95,[7]98,[4]97,[2]97
[3]99;[6]99
[1]94;[7]99
[7]97;[8]95
[6]98;[5]96,[7]100
[9]95;[8]95,[4]98,[9]97,[1]96
[8]94;[5]98
[3]100;[6]100,[1]97
[5]95;[4]98,[1]96
[1]95;[9]98
[7]98;
[4]97;
[2]97;
[6]99;[5]96
[9]96;[7]100
[8]95;[8]96,[4]99
[4]98;[4]99
[9]97;[2]99
[7]99;[4]100,[5]98
[1]96;
[2]98;[1]99,[8]99,[9]100
[5]96;[8]98
[8]96;[5]97,[8]97,[2]99
[6]100;[1]99
[5]97;[1]98,[2]100
[4]99;
[7]100;[8]99,[9]100,[5]99
[1]97;[8]98
[8]97;[1]98,[2]100
[9]98;[4]100,[9]99
[2]99;
[4]100;
[1]98;
[9]99;[1]100
[5]98;[5]100
[8]98;[1]100
[2]100;
[1]99;[8]100,[5]100
[8]99;[8]100
[9]100;
[5]99;
[1]100;
[8]100;
[5]100;
