Genesis;[15]1,[17]1,[13]1,[18]1,[11]1,[8]1,[12]1,[19]1,[6]1,[0]1,[1]1,[4]1,[9]1,[10]1,[2]1
[15]1;[3]1,[7]1,[5]1,[8]2,[19]2,[12]2,[13]2,[18]2,[10]2,[11]2,[16]1,[15]2,[1]2
[17]1;[8]2,[19]2,[12]2,[13]2,[18]2,[10]2,[11]2,[16]1,[15]2,[1]2,[0]2,[3]2,[7]2,[17]2,[9]2,[4]2,[14]2,[5]2,[2]2
[13]1;[14]1,[0]2,[3]2,[7]2,[17]2,[9]2,[4]2
[18]1;[14]2,[5]2,[2]2,[6]2,[19]3,[10]3,[13]3
[11]1;[6]2,[19]3,[13]3
[8]1;
[12]1;
[19]1;
[6]1;
[0]1;
[1]1;
[4]1;
[9]1;
[10]1;
[2]1;
[3]1;[10]3,[15]3,[16]2,[0]3,[8]3,[9]3,[7]3,[3]3,[18]3,[4]3,[1]3,[11]3,[17]3,[5]3,[2]3,[14]3,[12]3
[7]1;[15]3,[0]3,[8]3,[9]3,[7]3,[3]3,[18]3,[4]3,[1]3,[11]3,[17]3,[5]3,[2]3,[14]3,[12]3
[5]1;[13]4,[15]4,[7]4,[8]4,[16]3,[5]4
[14]1;
[8]2;[16]2
[19]2;[15]4,[7]4
[12]2;
[13]2;
[18]2;
[10]2;
[11]2;
[16]1;
[15]2;
[1]2;[9]4,[16]3,[10]4,[12]4
[0]2;
[3]2;
[7]2;
[17]2;
[9]2;
[4]2;
[14]2;[13]4
[5]2;[16]4
[2]2;[8]4,[9]4,[10]4,[6]3,[5]4
[6]2;
[19]3;
[10]3;[6]3,[11]4,[17]4,[3]4,[4]4,[19]4,[0]4,[1]4,[12]4,[14]4,[2]4,[15]5,[9]5,[7]5,[16]4
[13]3;
[15]3;[11]4,[17]4,[3]4,[4]4,[19]4,[0]4,[1]4,[14]4,[2]4,[15]5,[9]5,[7]5
[16]2;[10]5,[6]4
[0]3;[6]4,[17]5,[11]5,[8]5
[8]3;[18]4
[9]3;[14]6,[2]6
[7]3;[17]6
[3]3;
[18]3;[10]5,[17]5,[13]5,[8]5,[18]4,[3]5,[14]5,[12]5
[4]3;
[1]3;
[11]3;
[17]3;
[5]3;
[2]3;
[14]3;
[12]3;[13]5,[11]5,[3]5,[4]5,[14]5
[13]4;
[15]4;
[7]4;
[8]4;
[9]4;
[16]3;
[10]4;
[6]3;[5]5,[4]5,[1]5,[2]5,[19]5,[15]6,[16]5,[10]6,[0]5,[8]6,[6]5,[17]6,[13]6
[11]4;[5]5,[1]5,[12]5,[2]5,[19]5,[15]6,[16]5,[10]6,[0]5,[8]6,[6]5
[17]4;[13]6,[11]6,[9]6,[14]6,[7]6,[18]5,[3]6,[1]6,[5]6,[2]6,[19]6,[8]7,[16]6
[3]4;[11]6,[9]6,[7]6,[18]5,[3]6,[5]6,[19]6,[17]7
[4]4;[11]7
[19]4;[3]7
[0]4;
[5]4;
[1]4;
[12]4;
[14]4;
[2]4;
[15]5;
[9]5;
[7]5;
[16]4;
[10]5;
[6]4;
[17]5;
[13]5;
[11]5;
[8]5;
[18]4;[1]6
[3]5;
[5]5;[12]6,[15]7,[8]7,[17]7,[0]6,[16]6,[6]6,[11]7,[10]7,[4]6,[18]6,[14]7,[5]7,[3]7,[13]7
[4]5;[12]6,[15]7,[10]7,[14]7,[13]7
[1]5;[0]6,[6]6,[5]7,[12]7,[15]8,[7]7
[14]5;
[12]5;[1]7
[2]5;[9]7,[16]7,[17]8,[2]7,[14]8,[1]7
[19]5;[9]7,[19]7,[6]7,[17]8,[2]7
[15]6;
[16]5;
[10]6;
[0]5;
[8]6;
[6]5;
[17]6;
[13]6;[4]6,[12]7,[15]8,[8]8,[16]7,[19]7,[6]7,[0]7
[11]6;[18]6,[7]7,[8]8,[11]8
[9]6;[0]7
[14]6;
[7]6;
[18]5;
[3]6;
[1]6;
[5]6;
[2]6;
[19]6;
[12]6;[11]8,[10]8,[14]8,[4]7,[18]7,[3]8,[12]8,[7]8,[8]9,[16]8,[19]8
[15]7;[10]8,[4]7,[18]7,[3]8,[12]8,[7]8,[19]8,[6]8,[0]8
[8]7;[6]8,[9]8,[17]9,[5]8,[2]8,[4]8,[11]9,[14]9,[12]9,[10]9,[18]8,[15]9,[13]8,[7]9,[19]9
[17]7;[17]9,[5]8,[2]8,[4]8,[11]9,[14]9,[10]9,[18]8,[15]9,[1]8,[13]8,[3]9
[0]6;[8]9
[16]6;[6]9
[6]6;[17]10,[14]10
[11]7;
[10]7;
[4]6;[0]8,[9]8
[18]6;
[14]7;
[5]7;
[3]7;
[13]7;
[12]7;[16]8
[15]8;
[7]7;
[8]8;
[9]7;[1]8
[16]7;
[19]7;
[6]7;
[17]8;
[0]7;
[11]8;[3]9,[8]10,[7]9,[0]9,[4]9,[5]9,[12]10,[18]9,[1]9,[9]9,[15]10,[14]10,[10]10
[10]8;[12]9,[19]9,[6]9,[0]9,[4]9,[5]9
[2]7;
[14]8;[1]9,[9]9,[3]10,[6]10,[4]10,[17]11,[5]10
[1]7;
[4]7;[17]10,[12]10,[13]9,[16]9,[7]10,[6]10
[18]7;[17]11,[18]10,[14]11,[9]10,[7]11
[3]8;
[12]8;
[7]8;
[8]9;[8]10
[16]8;
[19]8;
[6]8;[18]9,[8]11,[19]10,[16]9,[7]10,[4]10,[5]10
[0]8;
[9]8;
[17]9;[15]10,[10]10,[3]10,[13]9,[8]11,[19]10,[0]10
[5]8;
[2]8;
[4]8;
[11]9;
[14]9;
[12]9;[12]11,[4]11,[0]11
[10]9;
[18]8;
[15]9;
[1]8;
[13]8;
[3]9;[0]10,[1]10,[3]11,[11]10,[8]12,[12]11,[14]11,[9]10,[15]11,[10]11,[7]11,[4]11,[17]12,[13]10,[16]10
[8]10;[18]10,[1]10,[3]11,[8]12,[15]11,[10]11,[17]12,[16]10
[7]9;[19]11,[5]11,[3]12,[6]11,[2]9,[1]11,[11]11,[8]13,[12]12
[19]9;
[6]9;
[0]9;[19]11,[5]11,[6]11,[2]9,[1]11,[11]11,[18]11,[12]12,[9]11,[17]13
[4]9;
[5]9;[19]12
[17]10;[11]10,[13]10,[0]11
[12]10;
[18]9;[3]12
[1]9;
[9]9;
[15]10;
[14]10;
[10]10;
[3]10;
[13]9;
[8]11;
[19]10;
[16]9;
[7]10;
[6]10;
[4]10;
[17]11;
[5]10;
[0]10;[8]13,[18]11,[14]12,[9]11,[17]13,[16]11,[7]12,[13]11,[5]12,[19]12,[4]12,[10]12,[0]12,[2]10,[15]12,[3]13
[18]10;[10]12,[0]12,[12]13,[14]13
[1]10;[14]12,[16]11,[7]12,[13]11,[5]12,[4]12,[2]10,[15]12,[3]13,[6]12
[3]11;[12]13,[18]12,[14]13,[11]12,[9]12,[17]14,[19]13,[4]13,[0]13
[11]10;[8]14,[11]12,[9]12,[4]13,[0]13
[8]12;
[12]11;
[14]11;
[9]10;
[15]11;
[10]11;
[7]11;
[4]11;
[17]12;
[13]10;
[16]10;
[0]11;
[19]11;[18]12,[8]14
[5]11;[6]12
[3]12;
[6]11;
[2]9;
[1]11;
[11]11;
[8]13;[17]14,[19]13,[5]13,[10]13,[13]12,[1]12,[7]13,[16]12,[6]13,[12]14,[18]13,[3]14,[15]13,[11]13,[2]11
[18]11;[10]13,[13]12,[7]13,[6]13,[12]14,[3]14,[8]15
[12]12;
[14]12;[5]13,[1]12,[16]12,[18]13,[15]13,[11]13,[2]11,[8]15
[9]11;[17]15,[1]13,[4]14,[9]13,[10]14,[0]14,[12]15,[3]15
[17]13;[17]15,[1]13,[4]14,[7]14,[9]13,[13]13
[16]11;
[7]12;
[13]11;
[5]12;
[19]12;
[4]12;
[10]12;
[0]12;[13]14
[2]10;
[15]12;
[3]13;
[6]12;
[12]13;
[18]12;
[14]13;
[8]14;[10]14
[11]12;
[9]12;
[17]14;[0]14,[12]15,[16]13,[3]15,[18]14,[5]14,[14]14,[15]14,[2]12,[6]14,[17]16,[11]14,[4]15,[7]15,[9]14,[8]16,[19]14
[19]13;[7]14,[16]13,[18]14,[5]14,[14]14,[2]12,[6]14,[17]16
[5]13;[13]13,[15]14,[11]14
[4]13;
[10]13;[4]15,[7]15,[9]14,[8]16,[19]14,[1]14,[13]14,[10]15,[18]15,[15]15
[13]12;[0]15,[1]14,[10]15,[18]15,[15]15,[16]14
[1]12;
[7]13;
[0]13;
[16]12;
[6]13;
[12]14;
[18]13;
[3]14;
[15]13;
[11]13;
[2]11;
[8]15;
[17]15;
[1]13;
[4]14;
[7]14;[3]16,[7]16
[9]13;
[13]13;[5]15
[10]14;
[0]14;[5]15,[16]14,[2]13,[3]16,[14]15,[7]16,[12]16,[6]15,[9]15,[4]16,[8]17,[19]15,[11]15
[12]15;[0]15,[2]13,[12]16
[16]13;[14]15
[3]15;[9]16
[18]14;
[5]14;
[14]14;
[15]14;
[2]12;[8]17,[19]15,[11]15,[5]16,[10]16,[1]15,[2]14,[0]16,[15]16,[3]17,[17]17,[14]16,[13]15,[7]17
[6]14;
[17]16;
[11]14;
[4]15;
[7]15;
[9]14;[16]15
[8]16;[16]15,[6]16
[19]14;[6]15,[9]15,[4]16,[5]16,[10]16,[1]15,[2]14,[0]16,[15]16,[3]17,[14]16,[13]15
[0]15;
[1]14;
[13]14;
[10]15;
[5]15;[17]17,[7]17,[6]16,[9]16,[11]16,[19]16,[4]17,[1]16
[18]15;
[15]15;
[16]14;[11]16,[2]15,[7]18,[6]17,[10]17
[2]13;[8]18,[14]17,[16]16,[5]17,[9]17
[3]16;[11]17,[9]17,[2]16,[8]19
[14]15;[18]17,[2]16,[0]18
[7]16;
[12]16;
[6]15;[18]16,[0]17,[14]17,[15]17,[11]17
[9]15;
[4]16;
[8]17;[19]16,[4]17,[1]16,[12]17,[2]15,[18]16,[8]18,[0]17,[13]16,[17]18,[3]18,[15]17,[7]18,[6]17,[10]17,[16]16,[5]17
[19]15;[12]17,[13]16,[17]18,[3]18
[11]15;
[5]16;[14]18
[10]16;
[1]15;
[2]14;
[0]16;
[15]16;
[3]17;
[17]17;[18]17,[8]19,[3]19,[17]19,[0]18,[12]18,[19]17,[14]18,[15]18,[16]17,[13]17,[7]19,[11]18,[10]18,[6]18
[14]16;
[13]15;
[7]17;[3]19,[17]19,[12]18,[15]18,[16]17,[11]18,[10]18,[6]18,[2]17,[9]18
[16]15;
[6]16;[9]18,[1]17,[4]18,[5]18
[9]16;[1]17,[12]19,[5]18,[14]19,[6]19
[11]16;[1]18
[19]16;[19]17,[13]17,[7]19,[2]17
[4]17;
[1]16;
[12]17;
[2]15;
[18]16;
[8]18;
[0]17;
[14]17;
[13]16;[6]19,[7]20,[4]19
[17]18;
[3]18;
[15]17;
[7]18;
[6]17;
[10]17;
[16]16;
[11]17;[14]19
[5]17;[8]20,[10]19
[9]17;
[18]17;[17]20,[0]19,[19]18,[15]19,[7]20,[10]19,[16]18,[3]20,[18]18,[9]19,[1]18
[2]16;
[8]19;[12]19,[0]19,[19]18,[15]19,[9]19
[3]19;[5]19,[14]20,[2]18,[0]20,[13]18,[11]19,[6]20,[7]21,[17]21,[8]21,[15]20
[17]19;[5]19,[4]19,[14]20,[2]18,[12]20,[13]18,[11]19,[6]20,[7]21,[17]21,[8]21,[15]20,[10]20,[9]20
[0]18;[5]20,[19]19,[0]21
[12]18;[5]20,[14]21,[19]19,[8]22
[19]17;[17]20,[4]18,[16]18,[3]20,[18]18
[14]18;
[15]18;
[16]17;
[13]17;[8]20
[7]19;[12]20,[0]20
[11]18;
[10]18;
[6]18;
[2]17;[9]20
[9]18;
[1]17;
[17]20;[10]20,[3]21,[16]19,[1]19,[2]19,[12]21,[13]19,[7]22,[18]19,[17]22
[12]19;[8]22,[16]20,[5]21,[2]20,[7]23,[0]22
[4]18;[4]20,[0]22
[5]18;
[14]19;
[0]19;[3]21,[16]19,[1]19,[14]21,[12]21,[13]19,[6]21,[17]22
[19]18;[9]21,[0]21,[10]21,[1]20,[13]20,[6]22,[2]20
[15]19;[11]20,[3]22,[15]21,[12]22,[6]22,[18]20
[8]20;
[6]19;
[7]20;[18]20,[4]21,[17]23,[2]21,[8]23
[10]19;[9]22,[19]20,[10]22,[17]23,[3]23,[15]22,[5]22,[0]23,[7]24
[16]18;[17]24
[3]20;
[18]18;
[9]19;
[1]18;
[5]19;[6]21,[9]21,[11]20,[10]21,[4]20,[3]22,[1]20,[16]20,[15]21,[5]21,[13]20
[4]19;[12]22,[14]22,[19]20,[10]22
[14]20;[2]19,[7]22
[2]18;[14]22
[12]20;[18]19
[0]20;
[13]18;[2]21,[8]23
[11]19;[4]22
[6]20;
[7]21;
[17]21;
[8]21;
[15]20;
[10]20;[7]23,[4]21,[1]21,[16]21,[15]22
[9]20;
[3]21;[1]21,[16]21,[5]22,[7]24,[6]23,[13]21,[14]23,[9]23
[16]19;[11]21,[14]23,[9]23,[16]22,[3]24,[10]23,[18]21,[15]23
[1]19;[19]21,[1]22,[12]23,[17]24,[3]24,[10]23,[18]21,[5]23,[2]22,[11]22,[13]22
[5]20;
[2]19;[5]23,[11]22,[7]25,[14]24,[4]23,[10]24,[18]22
[14]21;[2]22,[14]24
[12]21;[4]23,[0]24,[17]25,[1]23,[5]24,[16]23
[13]19;[2]23,[7]26,[11]23,[6]24,[13]23
[7]22;[14]25,[19]23,[7]27
[6]21;[3]23,[11]21,[0]23,[13]21,[19]21,[1]22,[12]23
[18]19;
[19]19;
[17]22;
[9]21;[9]22
[0]21;
[11]20;[6]23,[15]23
[10]21;[4]22,[16]22
[8]22;[17]25,[7]26,[4]24
[4]20;[2]23
[3]22;[7]25
[1]20;
[16]20;[5]26
[15]21;
[5]21;[9]26
[13]20;
[12]22;
[6]22;
[2]20;
[7]23;[13]22,[19]22,[3]25,[18]22
[0]22;
[18]20;
[14]22;
[9]22;[0]24
[19]20;
[10]22;
[4]21;[3]25,[15]24,[4]24
[1]21;[19]22,[10]24,[12]24,[8]24,[9]24
[16]21;[5]25,[17]26,[16]24,[2]24,[0]25,[9]25,[15]25,[11]24,[4]25,[6]25,[1]24,[19]24
[17]23;
[3]23;[6]24,[5]25
[15]22;[13]23,[8]25,[17]26,[16]24,[12]25,[18]23,[11]24,[1]24
[2]21;
[5]22;[19]23
[11]21;[12]24,[5]24,[8]24,[9]24,[16]23,[15]24,[14]25
[8]23;
[0]23;
[7]24;[2]25,[16]25,[12]26,[9]26
[6]23;[10]26,[2]25,[14]26,[12]26,[3]27
[13]21;
[14]23;[11]23,[10]25
[9]23;[3]26
[4]22;
[19]21;[1]23
[1]22;[8]25,[12]25,[2]24
[12]23;[9]25,[18]23,[8]26,[17]27
[16]22;
[17]24;
[3]24;[5]26
[10]23;
[18]21;
[15]23;
[5]23;[3]26,[15]25
[2]22;
[11]22;
[7]25;
[14]24;
[13]22;[8]26,[17]27,[0]26,[7]28,[13]24,[4]26,[1]25,[19]25,[11]25
[4]23;[0]25,[7]27,[19]24
[0]24;[10]25
[19]22;[0]26,[7]28,[15]26,[1]25,[11]25,[6]26,[18]24,[5]27,[10]27
[17]25;[6]25,[10]26,[14]26
[3]25;[16]25,[18]24,[10]27
[1]23;
[10]24;[13]24,[19]25,[7]29,[9]27,[0]27,[8]27,[12]27
[18]22;[17]28,[14]27,[0]27,[8]27,[12]27,[16]26,[15]27,[3]28,[1]26,[5]28,[19]26
[12]24;[16]26,[15]27
[5]24;
[8]24;[2]27,[18]26
[2]23;
[9]24;[14]28,[8]29
[16]23;
[7]26;[4]25
[11]23;
[15]24;[2]26
[4]24;[15]28
[14]25;
[6]24;[15]35
[19]23;
[13]23;[3]27,[15]26,[4]26,[5]27,[7]29,[17]28,[2]26,[14]27,[9]27
[10]25;
[3]26;
[5]25;[3]28,[4]27,[13]25,[1]26,[5]28,[18]25,[19]26,[10]28,[11]26,[6]27,[17]29,[9]28,[2]27,[12]28,[0]28
[8]25;[6]26
[17]26;[4]27,[13]25,[7]30
[16]24;[10]28,[11]26
[12]25;
[2]24;[1]27
[0]25;
[9]25;[17]34
[18]23;
[7]27;
[15]25;
[11]24;
[4]25;[19]28
[6]25;[12]29,[6]29,[16]29,[14]30
[1]24;
[19]24;
[5]26;
[8]26;[18]25,[6]27,[17]29,[9]28,[12]28,[0]28,[8]28,[14]28
[17]27;[7]30,[19]27,[11]27,[13]26
[10]26;[15]28
[2]25;
[16]25;
[14]26;[18]28
[12]26;
[0]26;[8]28,[4]28,[18]26,[19]27,[11]27,[16]27,[3]29,[9]29,[10]29
[7]28;[17]30,[7]31,[15]29,[1]28,[14]29,[0]29,[16]28
[9]26;
[3]27;[4]28
[15]26;[5]29,[15]29,[13]27,[11]28
[13]24;[6]28,[17]30,[2]28,[5]29,[4]29,[1]28,[14]29,[16]28
[4]26;[11]28,[10]30,[7]32,[2]29,[1]29,[8]30,[14]30,[9]31,[17]32
[1]25;[9]30,[13]27,[17]31,[10]30,[7]32
[19]25;[10]31
[11]25;[13]28
[6]26;[5]30
[18]24;
[5]27;
[10]27;
[7]29;
[17]28;[3]29,[9]29,[10]29,[2]28,[19]28,[0]29
[2]26;
[14]27;
[9]27;
[0]27;
[8]27;
[12]27;
[16]26;[6]28,[8]29
[15]27;
[3]28;[1]27,[16]27,[13]26,[4]29
[4]27;
[13]25;
[1]26;
[5]28;
[18]25;[9]30,[12]29,[17]31,[3]30,[2]29,[18]27
[19]26;
[10]28;
[11]26;
[6]27;[6]29,[7]33
[17]29;[5]30,[1]30,[9]32
[9]28;[19]29,[2]30,[8]31,[16]30,[12]30,[4]31,[7]34
[2]27;[7]31
[12]28;[15]30,[5]31,[6]31,[2]31,[17]33,[19]30,[11]30,[9]33
[7]30;
[0]28;[6]31,[16]31,[19]30,[1]31,[11]30,[9]33,[3]32,[10]32,[7]35,[15]31
[8]28;[3]30,[18]27,[1]29,[16]29,[13]28,[4]30
[14]28;[17]34,[14]32
[4]28;[6]30,[19]29,[8]31,[15]30
[15]28;[3]32
[18]26;[0]30,[10]31,[12]30
[19]27;[11]29
[1]27;[5]65
[11]27;[4]31,[0]31,[5]31,[13]29,[18]29,[16]31,[14]31,[12]31,[1]31
[16]27;[0]31,[13]29,[18]29,[2]31,[17]33,[14]31,[12]31,[7]35
[13]26;
[6]28;[9]31,[17]32,[4]30,[3]31,[7]33,[6]30,[16]30
[3]29;[15]31,[6]32,[5]32
[9]29;[18]30,[6]32
[10]29;
[17]30;[8]30,[11]29,[0]30,[18]28
[8]29;
[2]28;
[7]31;[2]30
[5]29;[3]31
[15]29;[9]32
[4]29;
[19]28;[1]30
[1]28;
[14]29;
[0]29;
[16]28;
[9]30;[7]34,[4]32
[12]29;[14]32,[9]34,[12]32,[3]33
[13]27;
[17]31;[4]33,[13]30
[11]28;
[10]30;
[3]30;[10]32,[4]32,[18]30,[16]32,[11]31,[3]33
[7]32;
[6]29;[5]32,[7]36
[2]29;[6]33,[19]32,[16]33,[15]33,[2]33,[13]31
[18]27;[16]32
[1]29;[5]33,[19]32,[3]34,[7]37,[17]35,[18]32
[8]30;
[16]29;[6]33,[0]33,[16]33,[9]35
[14]30;
[9]31;
[17]32;
[13]28;[17]36,[7]38,[3]35,[1]34,[18]33
[11]29;
[4]30;[11]33,[6]34,[4]35,[2]34,[5]34,[15]34,[13]32
[0]30;
[5]30;[9]34,[4]33
[3]31;
[7]33;[11]34
[6]30;[3]34,[7]37,[14]34,[11]33,[6]34,[19]33
[19]29;[11]31,[12]32,[19]31,[0]32,[13]30,[15]32
[2]30;[2]32
[10]31;
[18]28;
[8]31;[8]33,[18]32
[16]30;[2]33,[10]34,[16]34
[1]30;[8]32
[9]32;
[12]30;[13]32,[8]34,[1]34,[19]34
[15]30;[2]32,[8]32,[18]31,[10]33,[1]32
[4]31;[4]34,[12]33,[15]33,[8]33,[17]35,[10]34
[7]34;[2]34,[9]36,[14]35
[0]31;[19]31,[15]32,[18]31,[14]33,[11]32,[5]33
[5]31;[7]36,[0]33,[12]33
[13]29;[13]31
[6]31;[0]32,[10]33,[1]32,[11]32
[18]29;[12]34
[2]31;[0]34,[5]35
[16]31;[14]33,[9]35,[4]34
[17]33;[1]33,[19]33,[16]34,[8]34
[14]31;
[19]30;[14]34,[4]35
[12]31;[12]35
[1]31;[1]33,[12]34,[17]36
[11]30;[18]33,[16]35
[9]33;[5]35,[1]35
[3]32;[17]37
[10]32;[5]34,[14]35
[4]32;[9]36
[7]35;
[15]31;
[18]30;[11]35,[4]36,[10]35,[14]36,[13]34
[16]32;[19]34,[8]35
[6]32;
[17]34;
[14]32;[15]35,[16]36,[6]36,[9]38
[11]31;[11]34
[5]32;
[9]34;[15]36
[12]32;[19]35,[3]37
[3]33;[13]34,[8]36,[4]37,[14]37,[11]36,[10]36,[7]40,[16]37,[1]36,[3]37,[6]37,[18]35,[2]36,[17]39
[4]33;[7]38
[2]32;
[19]31;[3]36,[18]34
[0]32;[0]34,[6]35
[13]30;[12]35,[0]35,[6]36
[8]32;[6]35
[15]32;
[18]31;
[7]36;[9]37
[10]33;[16]36
[1]32;
[14]33;
[11]32;
[6]33;[13]33,[8]35,[11]35,[7]39,[10]35,[14]36,[3]36,[2]35,[5]36,[18]34
[5]33;[1]35,[17]38,[9]38,[12]36
[0]33;[15]34
[19]32;[0]35,[13]33
[16]33;[4]36,[17]38,[0]36
[9]35;[19]35
[4]34;[9]37,[17]37,[7]39
[3]34;[3]35,[16]35
[12]33;
[15]33;[12]36,[0]36,[15]36
[7]37;[9]39
[2]33;[11]36
[8]33;
[13]31;[7]41
[17]35;[1]36,[9]39
[18]32;
[10]34;
[14]34;
[1]33;
[11]33;[5]36,[4]37,[14]37
[6]34;
[19]33;
[4]35;
[12]34;
[16]34;
[2]34;[7]40,[2]36,[0]37
[5]34;[18]35,[5]37,[19]36,[12]37,[8]37,[0]37,[13]35,[11]37,[1]37
[9]36;[10]36,[16]37,[17]39,[5]37,[19]36,[15]37,[12]37,[8]37
[17]36;[2]35,[8]36
[0]34;
[7]38;
[15]34;
[13]32;
[8]34;
[3]35;[4]38
[1]34;
[18]33;
[11]34;
[14]35;[7]41,[1]37,[3]38,[19]37,[16]38,[2]37,[9]40,[4]38,[6]38,[17]40,[15]38,[12]38,[18]36,[13]36,[10]38
[16]35;
[6]35;
[5]35;
[9]37;
[19]34;[15]37
[12]35;
[0]35;
[13]33;[14]38,[10]37,[11]37,[5]38
[17]37;
[15]35;[6]37
[8]35;[7]42
[1]35;
[11]35;[13]35,[14]38,[10]37,[5]38,[17]40
[4]36;
[7]39;
[10]35;
[14]36;
[3]36;
[2]35;
[16]36;[2]37
[6]36;[19]37,[6]38
[5]36;[3]38
[18]34;
[17]38;
[9]38;
[13]34;[3]39,[19]38,[2]38,[17]41,[9]41,[15]39,[10]39,[8]39,[16]39,[6]39,[11]39,[5]39,[14]40
[19]35;
[12]36;
[0]36;
[8]36;[15]39
[4]37;
[15]36;
[14]37;
[11]36;
[10]36;[0]38,[11]38,[2]38,[10]39
[7]40;[16]38,[12]38,[18]36,[8]38,[0]38,[11]38,[1]38,[7]42
[16]37;[7]43,[9]42,[1]39,[11]40,[12]40
[1]36;
[3]37;
[6]37;[15]38,[13]36,[10]38,[17]41
[18]35;[9]41,[8]39,[16]39,[6]39,[18]37,[11]39,[14]40,[12]39,[13]37,[4]39,[3]40
[2]36;[8]38,[14]39
[17]39;[12]39,[0]39,[18]38
[5]37;[9]40
[19]36;[13]37,[3]40,[9]42,[19]39,[15]40,[10]40,[18]38,[6]40,[8]40
[9]39;
[15]37;[12]40,[4]40
[12]37;[7]43,[19]39,[0]39,[2]39,[15]40,[10]40,[17]42,[16]40
[8]37;
[0]37;[3]39
[13]35;
[14]38;[14]39,[1]38
[10]37;
[11]37;
[7]41;[17]42,[11]40,[14]41,[6]40,[8]40,[5]40,[4]40,[1]40,[3]41,[0]40,[2]40,[10]41
[1]37;[19]38
[3]38;[14]41,[0]40,[2]40,[15]41
[19]37;[15]41,[7]44,[19]40,[12]41
[5]38;
[16]38;[5]40,[1]40,[3]41,[9]43,[14]42,[19]40,[11]41,[17]43
[2]37;
[9]40;
[4]38;
[6]38;
[17]40;
[15]38;[18]37,[5]39,[2]39
[12]38;[10]41,[9]43
[18]36;[13]39,[18]40,[16]42,[9]44,[14]43
[13]36;[4]39,[16]40
[8]38;[1]39
[10]38;[13]38,[7]44
[0]38;[3]42,[14]43
[11]38;[17]44,[12]42,[6]42,[4]42,[10]43,[2]42,[9]45
[14]39;
[1]38;[11]42,[13]40,[0]42,[18]41,[16]43
[7]42;[1]42,[15]43,[6]43,[8]42,[17]45,[19]43
[3]39;[17]43,[16]41,[13]39,[12]41,[4]41,[5]41,[0]41,[8]41,[10]42,[1]41,[2]41,[7]45
[19]38;[6]41,[3]42
[2]38;[5]42
[17]41;[19]41
[9]41;[11]41,[6]41,[4]41,[10]42,[1]41,[2]41
[15]39;
[10]39;[9]46
[8]39;[15]42,[9]44,[17]44,[3]43
[16]39;[16]42,[19]41,[11]42,[3]43
[6]39;[10]43,[14]44,[19]42
[18]37;[13]38,[18]39
[11]39;[14]44,[7]46,[10]44
[5]39;[18]39
[14]40;[19]43
[12]39;[16]41,[5]41
[13]37;[7]45,[18]40
[4]39;[9]46,[14]45,[18]42,[11]44
[3]40;[0]42
[7]43;[14]42,[0]41,[8]41
[9]42;
[19]39;[7]47
[1]39;
[0]39;
[2]39;[13]42,[14]46
[15]40;
[10]40;
[18]38;
[17]42;[6]42,[4]42,[19]42,[16]43
[16]40;
[11]40;
[14]41;
[6]40;
[8]40;
[12]40;
[13]38;[15]42
[5]40;[6]43,[8]42,[12]43,[3]44,[13]41,[10]44,[5]43,[14]45,[7]47
[4]40;
[1]40;[12]43,[4]43,[1]43,[6]44
[3]41;[2]43,[8]43,[10]45,[19]44
[0]40;
[2]40;
[10]41;[3]44
[15]41;
[18]39;[12]44,[9]47
[9]43;[0]44,[14]46
[14]42;[2]45
[7]44;
[19]40;[12]45,[15]45,[17]47,[8]44,[7]48
[11]41;[11]43,[4]43,[5]43,[1]43,[2]43,[16]44
[17]43;[12]42,[13]40,[5]42,[2]42,[18]41,[7]46,[15]43
[16]41;[1]42,[11]43
[6]41;[17]45,[0]43
[13]39;
[12]41;[5]44
[4]41;[15]44,[12]44,[11]44,[6]45
[5]41;[3]45
[0]41;
[3]42;
[8]41;
[10]42;[0]44,[17]46,[5]44,[9]47,[19]44,[18]43
[1]41;[13]43,[16]45,[7]48,[6]46
[2]41;[3]46,[12]45,[10]46,[13]43,[17]47
[15]42;[16]44
[7]45;[8]43
[18]40;
[16]42;[9]45
[9]44;[6]45
[14]43;
[19]41;[13]42
[17]44;
[12]42;[13]41,[0]43,[6]44,[18]42,[3]45,[15]44
[6]42;[1]44,[3]46
[11]42;
[13]40;[4]44
[0]42;[18]43
[5]42;[17]46
[3]43;
[4]42;[15]45
[10]43;[10]45
[2]42;[5]46,[16]46
[9]45;
[14]44;
[18]41;[10]47,[2]46
[19]42;[7]49
[7]46;[5]48
[1]42;
[15]43;
[16]43;[15]46
[6]43;[0]45,[10]46,[5]45,[11]45,[1]45,[19]45,[9]48
[8]42;[0]45,[5]45,[11]45
[11]43;[2]44,[16]45,[8]44,[19]45
[12]43;[0]46,[13]44,[4]45,[7]49
[17]45;[1]46
[3]44;[14]47,[18]44,[13]44,[3]47,[17]48,[9]49
[13]41;[2]44
[0]43;[17]48
[4]43;[1]45,[3]47,[5]46
[10]44;[0]47,[18]45,[4]46,[3]48,[17]49,[12]47,[16]47,[14]48
[5]43;[8]45,[15]46,[9]49,[19]46,[18]45,[6]47
[9]46;[1]44
[19]43;
[14]45;[8]46,[7]50,[11]47,[1]47,[18]46,[0]48,[6]48,[4]47,[2]47
[7]47;[4]47,[3]49,[5]48,[2]47,[8]47,[12]48,[11]48,[18]47
[1]43;[12]46,[16]46,[11]46,[4]46,[2]46,[13]45
[2]43;[3]48,[15]47,[12]47,[9]50
[16]44;[17]49,[16]47,[10]48,[1]47,[18]46,[3]49
[6]44;[12]46
[18]42;[13]45,[7]50,[10]48,[0]48
[3]45;[17]50,[1]48
[15]44;[0]46,[2]45
[13]42;
[12]44;[4]44,[6]46
[0]44;[14]47,[18]44,[4]45,[10]47,[11]46
[8]43;
[10]45;
[11]44;
[17]46;[8]45,[6]47
[5]44;[9]48
[9]47;[0]47,[19]46,[8]46
[19]44;[9]50
[1]44;[11]47
[6]45;
[14]46;
[2]44;[5]49,[17]51,[16]49,[8]48,[10]50,[9]52,[18]48,[0]50,[13]47,[3]51,[11]49
[18]43;
[3]46;[1]46
[0]45;[19]47,[8]47,[16]48,[15]48,[10]49,[12]48,[18]47,[7]51,[3]50
[12]45;
[10]46;[0]50,[4]49,[16]50
[15]45;[5]50
[13]43;[5]47
[4]44;[5]47
[17]47;
[5]45;[13]46,[14]49,[17]51
[16]45;[0]49,[15]49,[6]49,[9]52,[18]48
[8]44;[13]47,[3]51,[11]49,[5]50,[19]49,[15]50,[16]50,[17]52,[2]48,[7]52,[6]50,[18]49
[11]45;[19]48,[8]48,[6]49,[14]50
[7]48;
[1]45;[17]50
[19]45;[4]49,[19]49,[15]50,[2]48,[8]49,[0]51,[1]49
[9]48;[9]53,[12]50,[13]48,[14]51,[11]50,[6]51,[8]50,[15]51,[10]52,[18]50
[6]46;[5]60
[14]47;[10]50,[17]52
[0]46;[15]47
[18]44;[16]48,[9]51,[19]48
[13]44;[14]49
[4]45;
[2]45;[9]51
[3]47;[13]46
[5]46;
[17]48;
[8]45;[6]48,[15]48
[10]47;
[15]46;[14]48
[7]49;[1]48,[16]49,[12]49
[12]46;[5]49,[4]48
[1]46;[4]51
[16]46;
[11]46;
[9]49;[10]51,[9]53
[0]47;[7]51,[0]49,[15]49
[19]46;[3]50
[18]45;[7]52,[10]51
[4]46;
[6]47;
[2]46;
[3]48;[19]47
[13]45;[12]49
[5]47;[4]54
[8]46;[14]50
[17]49;[11]48
[7]50;
[15]47;[10]49
[12]47;
[16]47;[8]49
[10]48;[18]49
[14]48;[14]51,[2]49,[1]50,[9]54
[11]47;[12]50,[4]50,[19]50,[10]52,[18]50
[9]50;[6]50
[1]47;[9]56
[18]46;[17]54
[0]48;
[6]48;
[4]47;
[3]49;[4]48
[5]48;
[2]47;
[19]47;[1]49,[13]48,[19]50,[5]51,[2]49,[11]50,[7]53,[15]51,[0]52
[17]50;[3]52
[8]47;[0]51
[16]48;[3]53,[8]51,[11]51,[2]50
[13]46;
[15]48;[12]51,[17]53,[3]53,[11]51,[7]54,[2]50
[10]49;[18]51,[19]52,[15]53,[16]52,[8]52,[13]50,[5]53
[12]48;[12]52,[6]53,[16]52,[11]52,[8]52,[5]53,[2]51,[1]51,[7]55
[11]48;[6]52,[7]54,[15]52
[1]48;[5]52
[18]47;[0]54,[10]54,[3]54,[6]54,[18]52,[16]53,[17]55,[11]53
[9]51;
[7]51;[6]54,[16]53,[19]53,[11]53,[5]54,[1]52
[14]49;[17]53
[0]49;
[3]50;[1]52,[2]52,[6]55
[19]48;[3]52
[5]49;[4]50,[5]51,[6]51,[8]50,[7]53,[0]52,[12]51
[17]51;-[15]1,[18]51,[9]55,[14]52,[6]53,[17]54,[4]52,[19]52
[4]48;
[15]49;
[16]49;[1]50,[10]53,[13]49
[8]48;[9]55,[13]50
[12]49;
[6]49;
[10]50;
[9]52;[10]54,[9]56
[18]48;[0]55
[0]50;[4]51,[9]54
[13]47;[5]52,[6]52,[8]51,[10]53,[16]51,[13]49,[15]52
[14]50;
[3]51;
[11]49;
[4]49;[19]51
[5]50;
[19]49;
[15]50;
[16]50;
[17]52;
[2]48;
[7]52;
[6]50;
[8]49;
[10]51;
[18]49;
[0]51;[9]57
[1]49;[2]51,[1]51,[0]54,[3]54,[18]52,[12]53,[4]53,[14]53,[19]53,[17]55,[13]51
[9]53;-[15]1,[12]52
[12]50;[19]51,[16]51
[13]48;[12]53,[5]54
[3]52;
[4]50;[14]52,[4]52,[15]53
[19]50;[8]53,[19]54,[3]55
[14]51;
[5]51;[7]56,[10]55,[4]54,[16]54,[14]54,[18]53,[3]55,[15]54,[11]54,[13]52,[1]53,[8]54
[2]49;[7]57
[11]50;[2]53,[16]55
[6]51;[9]57,[19]54,[15]54,[5]55,[11]54
[8]50;[8]54,[2]53,[0]56,[7]57,[18]54,[6]56
[7]53;[10]56,[0]56
[15]51;
[10]52;[1]54
[0]52;[12]55
[18]50;[12]54
[12]51;[11]52,[4]53,[14]53
[17]53;[7]55
[4]51;
[1]50;
[3]53;[10]55
[9]54;
[19]51;[14]54,[13]52,[10]56
[5]52;[17]56
[6]52;[6]55,[17]56
[8]51;
[11]51;
[10]53;
[7]54;[12]55
[16]51;[11]55,[0]57
[13]49;
[15]52;[16]55,[18]54
[2]50;
-[15]1;
[18]51;[18]53,[1]53
[9]55;
[14]52;[14]55,[5]56,[17]57,[8]55,[2]54,[10]57
[12]52;[13]51,[8]53,[7]56,[2]52,[16]54
[6]53;
[17]54;
[4]52;[9]58,[15]55,[7]58
[19]52;[0]55
[15]53;[18]55,[9]59,[6]57,[15]56,[2]55,[3]57,[13]54,[7]59,[0]58,[4]57
[16]52;
[11]52;
[8]52;
[13]50;
[5]53;
[2]51;[9]58,[14]55,[11]55,[4]55,[6]56,[19]55,[5]56,[17]57,[3]56,[13]53,[1]54,[8]55,[2]54,[10]57,[7]58
[1]51;[4]55,[0]57
[0]54;[5]55
[10]54;
[9]56;
[7]55;
[3]54;[4]56
[6]54;
[18]52;[11]56,[4]56,[6]57,[15]56,[16]56
[12]53;
[16]53;
[4]53;[2]56
[14]53;
[19]53;
[17]55;
[11]53;
[5]54;
[13]51;
[0]55;
[8]53;[12]54,[15]55
[1]52;
[9]57;[18]55,[13]54
[7]56;[19]55,[3]56,[13]53,[11]56
[2]52;
[10]55;[5]57
[4]54;[14]56
[16]54;[18]56,[10]59
[6]55;[1]55
[19]54;
[14]54;[5]57,[16]56,[2]55
[18]53;
[3]55;
[15]54;
[17]56;[16]58
[5]55;
[11]54;
[13]52;[0]58,[6]58
[1]53;
[8]54;
[2]53;[14]56
[10]56;[4]59
[0]56;
[7]57;
[9]58;[9]59,[1]55,[3]57,[10]58,[7]59,[8]56,[5]58,[19]56,[4]57,[12]56
[14]55;[8]56,[5]58,[19]56,[12]56,[9]60,[15]57,[3]58,[13]55,[18]56,[1]56,[10]59,[16]57
[16]55;
[18]54;
[11]55;[11]57,[17]58,[7]60,[19]57,[14]57
[4]55;[8]57,[19]57,[13]56
[6]56;[17]59,[19]58
[19]55;[13]55,[0]59,[4]58
[12]54;
[5]56;[10]58,[15]57,[2]56
[17]57;[8]57,[9]61,[11]58,[6]59,[17]59
[15]55;[3]58
[3]56;[7]60,[16]57,[14]57
[13]53;[3]59,[18]57,[9]62
[1]54;
[8]55;[0]59,[4]58,[9]61,[12]57,[5]59
[2]54;
[10]57;[3]59,[10]60,[5]60
[7]58;[9]60
[0]57;[11]58
[11]56;
[4]56;
[12]55;[5]59
[5]57;[17]58,[1]56
[18]55;[11]57,[6]58,[12]57
[9]59;[6]59,[15]58,[2]57,[7]61,[8]58,[1]57,[19]58,[14]58,[0]60
[6]57;[16]58
[15]56;
[16]56;[10]60,[6]60
[2]55;[19]59
[1]55;[13]56,[15]58,[2]57,[1]57,[0]60
[3]57;[1]58,[3]60,[14]59,[9]63,[8]59
[13]54;
[10]58;[17]60,[10]61,[4]60,[12]59,[19]60
[14]56;[13]57
[7]59;[4]60,[7]63,[10]62
[8]56;[7]61,[8]58,[4]59,[11]59,[9]62,[12]58,[13]57,[16]59
[0]58;
[5]58;[14]58,[12]58,[16]59,[15]59,[1]58,[2]58
[19]56;[2]58,[18]58,[3]60,[7]62,[0]61,[10]61,[14]59,[13]58,[8]59
[4]57;[0]62,[10]62
[12]56;[18]58,[19]59,[7]62,[17]60,[0]61
[9]60;[15]60,[2]59,[0]62,[6]61,[14]60,[1]59
[15]57;[12]59,[7]63,[15]60,[2]59
[11]57;[18]57
[6]58;
[2]56;
[3]58;
[13]55;
[17]58;[9]63,[19]60,[14]60
[18]56;
[1]56;[9]64
[10]59;
[7]60;
[16]57;
[0]59;
[8]57;[11]59
[19]57;
[14]57;
[4]58;
[9]61;[15]59
[12]57;
[5]59;
[11]58;[6]60
[6]59;[11]60
[13]56;[7]64,[12]60,[18]61
[15]58;[5]61,[17]61
[17]59;
[2]57;[16]61,[4]61,[3]62,[10]63,[11]62,[12]60,[8]60
[16]58;[15]61
[3]59;
[7]61;[11]60,[16]60,[18]59,[6]61,[3]61
[8]58;[18]59
[1]57;[19]61,[6]62,[0]63
[19]58;[9]65,[1]60,[16]62,[2]61,[3]63,[6]63,[19]62,[4]62,[15]62,[11]63,[17]63,[10]64,[0]64,[14]62
[18]57;[5]61
[10]60;[13]58
[14]58;[16]61,[4]61,[14]61,[11]62,[8]60
[4]59;[11]61,[18]60,[2]60,[15]61,[3]62,[6]62,[7]64
[0]60;[18]61,[1]60,[15]62,[0]64,[8]61
[11]59;[13]59,[17]62
[9]62;[14]61,[2]61,[5]63,[6]63
[12]58;[16]60,[17]61
[13]57;[5]63,[3]63,[19]62,[12]61,[8]61
[5]60;
[16]59;[17]62
[15]59;[4]62
[6]60;
[1]58;
[2]58;[3]61,[11]61,[9]64,[18]60,[13]59,[19]61
[18]58;[5]62,[2]60
[3]60;[5]62
[19]59;[1]59
[7]62;
[17]60;
[0]61;[16]62,[13]60,[7]65
[10]61;[16]63
[14]59;
[5]61;[17]63,[10]64
[9]63;[10]63
[13]58;[18]62
[8]59;
[11]60;[12]61,[14]62,[9]66,[5]64,[1]61,[2]62,[6]64,[3]64,[4]63,[13]61
[16]60;[12]62,[10]65,[2]63
[4]60;
[12]59;[0]63
[18]59;[11]64,[14]63,[12]62,[17]64,[1]62,[6]65
[19]60;[9]65,[13]60
[7]63;
[15]60;
[2]59;
[0]62;
[6]61;[12]63,[11]65,[15]64
[17]61;
[14]60;
[3]61;[0]66
[10]62;
[11]61;[7]66,[1]62,[15]63,[9]67,[5]65
[5]62;
[9]64;
[18]60;[2]63,[11]65
[1]59;[18]62
[16]61;[11]63,[7]65,[3]64
[13]59;[9]67
[19]61;[2]62,[0]65,[7]66
[4]61;[4]63,[18]63
[2]60;
[15]61;
[3]62;[8]62,[15]63,[19]63,[13]62
[17]62;[11]64
[6]62;
[7]64;[6]65,[18]63,[13]62,[7]67
[14]61;[10]65
[0]63;
[10]63;[3]65,[19]63,[8]63,[1]63,[2]64,[6]66
[11]62;[3]65
[12]60;[5]64,[13]61
[8]60;[14]64
[9]65;[9]66,[1]61,[16]63,[6]64
[18]61;[1]63
[1]60;[4]64,[0]66,[14]64,[19]64
[16]62;[17]65,[4]64,[8]63,[7]67
[2]61;[12]64
[5]63;[0]65,[14]63,[17]64,[8]62
[13]60;
[3]63;[7]68,[8]64,[14]65
[6]63;
[19]62;
[4]62;
[15]62;
[11]63;[16]64
[17]63;
[10]64;
[0]64;
[12]61;[12]63,[18]64,[6]66,[3]66,[9]68,[15]64,[10]66,[19]64,[16]64,[4]65
[14]62;[17]65,[18]64,[3]66,[10]66
[8]61;
[18]62;
[7]65;[9]68
[9]66;[4]65,[0]67,[7]68,[8]64,[1]64,[2]65,[3]67,[11]66,[19]65,[6]67,[17]66,[16]65,[10]67
[5]64;[0]67,[1]64,[14]65,[2]65,[3]67,[19]65,[6]67,[16]65,[15]65
[1]61;[5]66,[9]69,[4]66
[2]62;[8]65,[5]67,[14]66,[16]66,[19]66
[16]63;[0]68,[12]65,[5]67
[6]64;[0]68,[13]63,[14]66,[2]66,[6]68
[3]64;
[4]63;[5]68,[10]68
[13]61;
[0]65;
[11]64;[5]66,[12]64
[14]63;
[12]62;
[17]64;
[8]62;[18]65
[10]65;
[7]66;[17]66
[1]62;
[6]65;[2]64
[18]63;[9]69
[2]63;
[15]63;
[9]67;
[3]65;[11]66,[13]63,[1]65
[19]63;[16]66,[18]66
[5]65;
[13]62;[3]69
[17]65;
[4]64;[4]66,[8]65
[0]66;[15]65,[1]65
[8]63;[1]67
[7]67;[15]66
[12]63;[18]65,[10]67,[12]65,[7]69,[2]66
[1]63;
[11]65;
[14]64;
[18]64;[11]67,[19]66,[4]67,[17]67
[2]64;[16]67,[6]69
[6]66;[15]66,[4]67,[18]66,[1]66,[5]68,[8]66
[3]66;[7]70,[2]67,[14]67,[3]69,[16]67,[6]69,[12]66,[15]67,[13]64,[18]67,[10]69,[4]68
[9]68;[2]67,[14]67,[11]68,[9]71,[12]66,[15]67,[13]64,[1]67,[19]67
[15]64;[0]70,[6]70,[15]68,[13]65,[4]69
[10]66;[0]70,[7]71,[2]68,[8]67,[14]68,[6]70,[11]69,[15]68,[12]67
[19]64;[14]69,[11]70,[12]68
[16]64;[0]71,[10]70,[15]69
[4]65;[7]69
[0]67;[11]67,[3]68,[9]70,[17]67,[1]66,[8]66
[7]68;[10]68,[7]70,[11]68
[8]64;[0]69,[9]71,[17]68,[19]67,[10]69
[5]66;[6]68
[12]64;
[1]64;[3]68,[9]70
[14]65;
[2]65;[4]68,[7]71,[14]68
[3]67;[2]68
[11]66;[0]69
[19]65;
[6]67;
[17]66;
[16]65;
[9]69;
[15]65;
[18]65;[8]67,[17]69,[3]70,[5]69,[4]69
[10]67;[18]67,[17]69,[3]70,[13]65,[5]69
[4]66;
[8]65;
[0]68;
[12]65;[19]68,[0]71,[9]72,[10]70,[13]66,[18]68
[13]63;[16]68
[1]65;[16]68
[5]67;
[14]66;
[7]69;[14]69,[2]69,[1]68,[3]71,[17]70,[7]72
[2]66;[7]72,[8]69,[0]72,[19]69,[9]73,[15]70,[3]72,[13]67,[16]70,[18]69,[12]69,[5]71
[11]67;[11]73
[15]66;[17]68
[3]68;[4]71
[16]66;
[9]70;
[19]66;[12]67
[4]67;[2]69
[6]68;
[17]67;
[18]66;[9]72,[13]66
[1]66;
[5]68;
[10]68;
[8]66;
[7]70;[11]69
[2]67;[19]68,[1]68,[11]70,[3]71,[15]69,[18]68,[5]70
[14]67;[6]71,[16]69
[3]69;[5]70,[8]69,[9]73,[2]70
[0]69;[12]68,[11]71
[16]67;[8]68,[16]69,[14]70
[11]68;[19]69,[15]70,[3]72,[18]69,[7]73
[6]69;[10]71,[0]72,[2]70,[16]70,[1]69
[9]71;[6]72,[13]67,[1]69
[17]68;[17]74
[12]66;[2]71,[19]70,[13]68,[8]71
[15]67;[2]71,[19]70,[11]72
[13]64;
[18]67;[8]70,[15]71
[1]67;
[19]67;
[10]69;[13]69
[4]68;[10]72
[0]70;[8]68,[6]71,[4]70,[17]70,[14]70
[7]71;[4]70
[2]68;[10]71
[8]67;[11]71,[12]69,[5]71,[4]71,[17]71,[8]70,[14]71
[14]68;
[6]70;
[16]68;[10]72,[15]71
[11]69;[13]68,[6]73,[17]72,[10]73,[14]72,[4]72
[15]68;
[17]69;[6]72
[3]70;[16]71,[5]72,[12]70,[18]70,[4]72,[19]71
[13]65;[17]72,[15]72,[6]74
[5]69;[6]73,[3]73,[0]73,[1]70,[7]74
[12]67;
[4]69;[0]74,[5]73,[11]73,[10]74,[17]73,[9]75,[4]73,[12]71,[8]72,[18]71,[19]72
[19]68;[3]73,[11]72,[16]71,[12]70,[14]72
[14]69;[7]74,[10]73,[8]71,[0]74
[2]69;[19]72,[3]75
[0]71;[5]72
[9]72;
[8]68;[0]73,[18]70,[1]70
[1]68;[8]72
[6]71;[2]72
[10]70;
[11]70;
[3]71;
[13]66;
[15]69;
[16]69;[7]73,[9]74
[18]68;
[12]68;[10]74,[9]75,[4]73,[11]74
[5]70;[16]72
[4]70;
[17]70;
[7]72;[17]71,[14]71
[14]70;[2]72,[13]69
[8]69;[19]71,[3]74,[17]73
[10]71;[9]74,[16]72
[0]72;[11]74,[5]74,[9]76
[19]69;
[9]73;[5]74
[2]70;[6]74
[15]70;
[3]72;
[11]71;[5]73,[12]71,[0]75
[6]72;
[13]67;
[16]70;[3]75,[13]70
[18]69;
[12]69;[0]75,[15]73,[6]75
[5]71;[17]74,[10]75,[12]72,[19]73,[16]74,[11]75,[14]74,[13]71,[2]74
[1]69;
[4]71;[3]74
[7]73;[15]72
[17]71;[18]72,[16]74,[14]74,[0]76,[15]74,[7]76,[1]73,[13]71,[6]76,[2]74,[5]75,[9]77,[10]76,[17]75,[12]73,[4]75
[8]70;[14]73,[7]75,[2]73
[14]71;[5]75,[9]77,[10]76,[17]75,[12]73,[4]75,[16]75
[10]72;[1]71
[2]71;
[19]70;
[13]68;[1]72,[7]75,[4]74
[6]73;[15]73,[6]75,[12]72,[19]73
[3]73;[16]73
[15]71;[9]76
[11]72;
[0]73;[18]71,[13]70,[4]74
[16]71;[14]73,[1]72,[10]75
[5]72;
[12]70;[3]76
[18]70;
[1]70;[8]73
[9]74;[1]71
[17]72;
[7]74;[0]76,[15]74,[7]76
[10]73;[14]75
[8]71;
[14]72;
[4]72;
[19]71;
[16]72;
[0]74;[16]73,[8]73
[15]72;[2]75
[5]73;[11]75
[11]73;[3]76,[1]73
[2]72;[2]73
[1]71;[18]72
[3]74;
[6]74;
[13]69;
[10]74;[14]75,[11]76,[1]74,[17]76
[17]73;
[9]75;[17]76
[4]73;
[12]71;[18]73,[3]77,[1]74,[16]75,[8]74,[13]72,[9]78,[10]77,[4]76,[7]77
[8]72;
[18]71;[6]76
[19]72;
[0]75;[18]73,[3]77,[11]76,[0]77,[6]77,[9]78,[10]77,[2]75,[4]76,[7]77
[14]73;[1]75
[16]73;[10]79
[15]73;[16]76,[5]76
[11]74;
[3]75;
[1]72;
[6]75;
[7]75;
[5]74;[17]77
[13]70;[15]75
[2]73;[8]83
[4]74;[1]76
[9]76;
[17]74;[19]74,[0]77,[8]74,[6]77,[13]72
[10]75;[19]74,[18]74
[12]72;[19]75,[5]76,[0]78,[2]76,[10]78
[18]72;[15]75
[8]73;[19]75
[19]73;[16]76,[11]77,[9]79
[16]74;[5]77,[15]76,[6]79,[7]78,[11]78,[0]79,[13]74,[18]75,[19]76,[8]76,[2]77,[3]79,[17]78
[11]75;[6]78,[3]78
[14]74;[2]76,[14]76,[17]77,[15]76,[1]76,[7]78,[11]78,[0]79,[18]75
[3]76;
[0]76;[10]79,[9]80,[17]78,[1]77,[19]77
[15]74;[19]76,[9]80,[6]80
[7]76;[19]77
[1]73;
[13]71;[2]77
[6]76;[12]74,[0]78
[2]74;[9]81
[5]75;[18]74,[12]74,[13]73,[8]75
[9]77;
[10]76;
[17]75;
[12]73;
[4]75;
[14]75;[11]77,[14]76,[9]79
[18]73;[6]78,[13]73,[3]78,[10]78
[3]77;[1]75,[8]75
[11]76;[8]76
[15]75;[5]77,[16]77
[19]74;[8]77,[16]78,[17]79,[3]80,[4]78,[1]78,[0]81,[11]80,[5]79,[15]78,[6]81,[2]78,[18]77,[12]76,[7]80,[19]78
[1]74;[1]77,[11]79,[18]76,[3]80
[0]77;[7]79,[8]77,[16]78,[0]81,[11]80,[5]79,[2]78,[12]76
[16]75;[4]77,[11]79
[8]74;[7]80,[14]78,[1]79,[12]77
[6]77;[15]78,[19]78,[9]82,[14]78,[8]78
[13]72;[16]79,[0]82,[1]79,[12]77,[19]79,[7]81
[17]76;
[9]78;[4]79,[3]81,[8]78,[15]79
[10]77;[6]82,[3]82
[2]75;
[4]76;[0]83,[15]80
[7]77;
[18]74;[5]78,[0]80,[12]75,[10]80
[19]75;[9]81,[17]79
[1]75;[18]79
[16]76;
[5]76;[13]74
[11]77;[14]77
[12]74;[6]79
[6]78;[16]79,[17]80,[3]81,[18]78,[10]81,[15]79,[19]79,[14]79,[11]81
[0]78;[6]80,[13]75
[13]73;[17]80,[10]81,[11]81
[8]75;
[3]78;[16]80,[6]82,[17]81,[5]80,[13]77,[9]83,[8]79,[2]79,[18]79,[12]78,[0]83,[7]82
[2]76;[3]79,[16]77,[15]77,[12]75,[18]76,[10]80,[7]79
[14]76;[4]77,[15]77
[9]79;[10]83
[10]78;[9]83,[4]80,[8]79,[12]78,[7]82
[17]77;[4]78,[1]78
[5]77;[0]80,[13]75
[15]76;[5]78,[14]77
[6]79;[9]82,[13]76
[1]76;[6]81
[7]78;[18]77,[4]79
[11]78;
[0]79;
[13]74;
[18]75;
[19]76;[0]82
[8]76;[4]80
[2]77;
[10]79;[14]79,[10]82
[9]80;
[3]79;
[16]77;[18]78
[17]78;[13]78,[12]79
[4]77;[17]81
[6]80;[19]80
[1]77;[13]76,[7]81
[5]78;
[0]80;[18]80
[13]75;
[14]77;[16]81,[13]78,[18]80,[0]84
[11]79;
[15]77;
[12]75;
[18]76;[13]77,[6]83
[19]77;
[10]80;
[9]81;
[7]79;
[8]77;
[16]78;
[17]79;
[3]80;[7]84
[4]78;
[1]78;
[0]81;
[11]80;
[5]79;
[15]78;
[6]81;
[2]78;
[18]77;
[12]76;
[7]80;[3]82,[2]79
[19]78;
[9]82;[8]81,[18]81,[15]82
[14]78;
[16]79;[16]80,[14]80
[13]76;[3]84
[17]80;[5]80,[14]80,[11]82
[4]79;
[3]81;[10]82,[1]80,[11]82,[6]83,[19]80,[17]82,[2]80
[8]78;
[0]82;[15]80
[1]79;
[18]78;[3]83,[2]80,[5]81,[1]81,[14]81,[7]83,[6]84,[16]82,[4]81,[9]84,[17]83
[12]77;
[10]81;[5]81,[12]79,[1]81,[14]81,[7]83,[6]84,[16]82,[4]81,[9]84,[17]83,[3]84,[11]83,[13]79
[15]79;[19]81,[11]83,[8]81,[18]81,[13]79,[12]80,[5]82,[2]81,[10]84,[7]84,[0]85
[19]79;[2]81,[10]84,[16]83,[15]82
[7]81;
[14]79;[1]80,[16]81,[17]82,[8]80
[11]81;[19]82,[8]82,[14]82,[0]86
[16]80;[3]83,[8]80,[0]84,[10]83
[6]82;[15]81
[17]81;
[5]80;[7]85,[12]82,[4]83,[10]86
[13]77;
[9]83;
[4]80;
[8]79;
[3]82;
[2]79;
[18]79;[0]87,[14]83,[19]84
[12]78;
[0]83;
[7]82;
[10]82;[14]82,[18]82,[6]85,[7]85
[1]80;[19]81
[14]80;[12]80,[5]82,[1]82,[17]84,[8]82
[15]80;
[11]82;[5]83,[3]85,[9]85
[16]81;[15]81
[6]83;[0]87
[19]80;[5]84,[10]87
[17]82;
[13]78;[4]82,[11]84,[2]82
[3]83;[1]82,[17]84,[18]82,[12]81,[0]86,[13]80
[8]80;[2]83,[13]81,[6]86
[18]80;[4]82
[2]80;[11]84,[5]83,[10]85,[6]85,[3]85
[5]81;[0]85,[16]83
[12]79;[15]83,[16]84,[19]83
[0]84;[17]85,[3]86,[1]84
[10]83;[13]80
[1]81;[1]83,[8]83,[17]85
[14]81;[9]86,[16]85,[17]86
[15]81;[10]86,[7]86,[18]83,[9]86,[19]84,[6]86
[7]83;[16]85,[4]84,[13]82
[6]84;
[16]82;
[4]81;
[9]84;
[17]83;
[19]81;[10]85,[9]85,[1]83,[15]83,[16]84,[19]83
[3]84;[2]82
[11]83;[12]82
[8]81;[19]82
[18]81;[4]83,[15]84
[13]79;[2]84
[12]80;[11]85,[1]84,[18]83
[5]82;[1]85,[15]85
[2]81;[12]81
[10]84;
[7]84;[6]87,[7]88
[0]85;[8]84,[12]83,[10]87,[3]87,[2]84,[11]86,[0]88,[19]85
[16]83;
[15]82;[2]83
[4]82;[14]83,[18]84
[11]84;[16]86,[10]88,[7]88
[1]82;[9]87,[4]85,[17]87,[0]89,[11]87,[2]85,[18]85,[12]85,[14]85,[10]89,[5]86
[17]84;[6]87,[10]89,[5]86,[8]86
[19]82;[4]86
[8]82;[2]86
[14]82;[5]84,[12]83,[11]86,[0]88,[7]87
[5]83;[7]86
[10]85;[3]86,[13]81
[18]82;[11]85,[8]84
[6]85;[18]84,[5]85,[14]84,[19]85,[12]84,[3]88
[12]81;[4]86,[3]89,[0]90,[9]88,[2]86,[13]84
[3]85;[19]86
[2]82;[8]85
[7]85;[15]84,[7]87
[0]86;[19]87,[15]88
[13]80;[4]85
[9]85;[4]84,[15]85,[12]84,[10]88
[1]83;[3]87,[14]84,[8]85
[15]83;[3]88,[9]87,[2]85,[13]83,[15]86,[12]85
[8]83;[1]86
[16]84;[17]87,[1]86,[14]85
[19]83;[17]88
[17]85;[11]87
[12]82;[17]86,[5]85
[4]83;[16]86
[10]86;[13]82
[2]83;[19]86
[3]86;[8]86,[0]90,[9]88,[11]88,[7]89,[14]86
[0]87;[1]85
[11]85;[10]91,[5]88
[13]81;[0]91
[7]86;[8]87,[19]88
[1]84;[17]88,[11]88,[1]87
[18]83;[6]88
[14]83;[7]91
[5]84;[15]87,[6]88,[19]87,[13]84,[7]89,[14]86,[5]87
[15]84;[13]85
[9]86;[15]89
[16]85;
[19]84;[15]87
[6]86;[1]87
[8]84;[13]83,[15]86
[12]83;[0]89
[10]87;
[4]84;
[17]86;
[3]87;[4]87,[3]90
[2]84;
[13]82;[18]86,[4]87,[3]90
[11]86;[9]89
[0]88;[1]88
[18]84;[18]85
[1]85;[3]89
[7]87;
[15]85;
[5]85;
[14]84;
[19]85;
[16]86;[7]90
[12]84;
[8]85;
[10]88;
[3]88;[7]90
[9]87;[10]90,[12]86,[8]87,[0]91,[16]87,[6]89,[2]87,[13]85
[4]85;[10]90,[12]86,[5]87,[15]88
[17]87;[2]87,[10]91,[11]89,[14]87,[12]87,[15]89,[0]92,[4]88,[5]88,[3]91
[0]89;[11]89,[14]87,[18]87,[4]88,[3]91,[2]88,[9]90,[13]86,[19]89,[8]88
[11]87;[19]88
[2]85;[1]89,[2]88,[6]90,[10]92,[19]89,[0]93,[17]89
[13]83;
[1]86;
[15]86;
[6]87;
[7]88;
[19]86;[18]86,[16]87
[18]85;[11]90,[14]88,[12]88,[16]89,[7]92,[18]88,[15]90
[12]85;[1]90
[14]85;[5]90
[10]89;
[5]86;
[4]86;[9]89,[6]89
[3]89;[4]89
[8]86;[17]89,[7]92,[19]90,[15]90,[14]89
[0]90;[1]89
[9]88;[6]92,[18]90
[17]88;[1]88
[15]87;[12]87,[16]88,[9]90,[7]91,[10]92
[2]86;
[11]88;[4]90
[6]88;[18]88,[2]89
[19]87;[12]88
[13]84;
[1]87;
[7]89;[7]93
[10]90;[13]86,[0]93,[5]89,[3]92,[6]91
[14]86;[10]94
[18]86;[6]91,[8]89,[0]94
[4]87;[16]89
[9]89;[18]87,[0]92,[16]88
[12]86;[11]90,[10]93
[5]87;[2]92
[15]88;
[8]87;[8]88,[9]91,[19]90
[0]91;[11]91,[15]91,[2]90
[3]90;
[16]87;[11]91,[3]93,[18]89,[6]92
[6]89;[9]92,[13]88,[17]90,[12]89,[15]92,[2]91
[19]88;[13]87
[2]87;[13]87,[0]94,[5]90,[16]90,[7]93,[1]91,[3]93
[1]88;[6]90,[5]89
[7]90;[16]90
[13]85;[14]90,[12]89,[5]91,[16]91,[1]92
[10]91;[14]88
[11]89;[3]92,[9]91,[2]89,[8]89
[14]87;[4]90,[9]92,[8]90
[12]87;[1]90
[18]87;[10]93
[15]89;[15]91,[18]89,[2]90,[11]92,[14]90,[13]88,[5]91,[10]94
[0]92;[4]89,[14]89
[4]88;[0]95
[5]88;[0]95,[3]94
[16]88;[1]91
[3]91;[6]95
[1]89;
[2]88;
[9]90;[15]92,[6]93,[19]92
[7]91;[19]92,[12]90,[16]92
[6]90;
[10]92;[1]93,[4]92
[13]86;[9]93,[7]94,[6]93,[13]89,[14]91,[8]91,[11]93,[17]91,[5]92,[4]91,[18]91,[12]90
[19]89;
[8]88;[13]89
[11]90;
[14]88;[17]93,[15]95
[0]93;[7]94,[14]91,[8]91,[11]93,[5]92,[4]91,[18]91
[12]88;[8]90
[16]89;[19]91,[2]91
[17]89;[19]91
[5]89;[6]94,[13]90,[19]93
[1]90;[8]92,[5]93,[17]92,[2]93
[3]92;[9]94,[1]93,[0]96,[10]95
[7]92;[11]92
[18]88;
[6]91;[1]92,[3]94
[10]93;[2]92
[9]91;
[19]90;[5]93,[11]94
[15]90;[3]95,[4]92
[4]89;[17]90,[16]91,[18]90
[13]87;[9]94,[13]90,[14]92,[0]96,[8]92,[7]95,[17]92,[12]91
[14]89;[2]96
[2]89;
[11]91;[15]93
[8]89;[16]92
[0]94;[6]94,[10]95
[5]90;
[16]90;[15]95,[14]94,[7]97
[7]93;
[1]91;
[3]93;[3]95
[15]91;[14]93,[3]96
[18]89;
[4]90;
[6]92;
[2]90;
[11]92;
[14]90;[9]93,[17]91
[9]92;[11]94
[13]88;
[8]90;
[19]91;[7]95,[13]91,[8]93
[17]90;[12]91,[15]94,[10]96
[12]89;[14]92
[5]91;[19]93
[16]91;
[10]94;
[18]90;[11]96
[15]92;[13]91,[11]95
[1]92;[9]95,[7]96
[0]95;[15]93
[3]94;[3]97,[10]97,[6]97
[2]91;
[9]93;[18]92,[0]97,[3]96,[10]96,[9]95,[1]94,[19]94,[7]96,[4]93
[7]94;[18]92,[2]93,[0]97,[1]94,[19]94
[6]93;[18]93,[6]96,[9]96,[13]92,[16]94,[0]98,[19]95
[13]89;[12]92,[2]94,[9]96,[13]92,[19]95,[10]97,[17]94,[5]95,[1]95
[14]91;[6]96
[19]92;[2]94
[8]91;[15]96,[0]99
[11]93;[12]93,[15]96,[9]97,[13]93,[18]94,[3]98,[19]96,[14]95
[17]91;[16]96
[5]92;[17]95
[4]91;
[18]91;
[12]90;
[16]92;[5]94,[16]93
[2]92;[8]94,[17]94,[1]95
[6]94;[6]95,[15]94
[9]94;[0]98
[13]90;
[14]92;
[1]93;[14]93,[5]94,[16]93,[8]93,[11]95,[17]93,[4]93
[19]93;
[0]96;
[8]92;[18]93,[14]94,[7]97,[5]95,[4]94
[3]95;
[15]93;
[5]93;[16]94,[3]97
[10]95;
[4]92;
[11]94;[6]97,[11]96
[7]95;[18]94,[5]96
[17]92;[2]96,[10]99,[13]94,[4]96
[12]91;[12]92
[18]92;[9]97,[13]93,[10]98,[14]95,[7]98,[12]94
[13]91;[17]96
[2]93;[16]95,[5]96
[6]95;[16]95,[19]96
[14]93;[12]95,[9]99
[0]97;[3]98,[10]98,[15]97,[18]95,[4]95
[15]94;[9]98
[3]96;[9]98,[8]95,[3]99,[10]99,[19]97,[11]97,[5]97
[10]96;[19]97,[6]98,[14]96,[12]95,[7]99,[1]97,[2]97,[16]97,[18]96
[9]95;[8]94,[4]94,[2]95
[5]94;[2]95
[1]94;[1]97,[2]97,[18]96,[3]100,[19]98,[0]100,[13]95,[6]99,[4]97
[16]93;
[19]94;[19]98,[0]100,[6]99,[4]97,[1]98,[18]97
[8]93;[11]97,[8]96
[11]95;[14]99,[2]100
[17]93;
[7]96;[1]96
[4]93;[1]98,[14]97,[5]98,[11]98,[18]97,[19]99,[8]97,[4]98
[12]92;[7]98,[12]94,[18]95,[16]96,[4]95
[18]93;[7]99,[3]100
[6]96;[15]97
[2]94;[12]93
[15]95;[0]99
[9]96;[6]98
[13]92;[14]96,[9]99
[16]94;[16]97
[0]98;
[3]97;[8]95
[14]94;[6]100,[13]96,[17]98
[19]95;
[10]97;[4]96
[8]94;[15]98,[17]96
[17]94;[8]96,[14]97
[7]97;[17]97
[5]95;[18]98
[4]94;[11]100,[18]99
[1]95;[12]97
[12]93;[1]96,[5]97
[15]96;[17]95
[9]97;[7]100,[12]96,[9]100,[2]98,[15]99,[17]97
[6]97;[3]99
[2]95;
[13]93;[2]98,[8]97,[10]100,[12]97
[18]94;[19]99,[5]99
[0]99;
[16]95;[13]94
[3]98;[9]100
[19]96;
[10]98;[12]96,[10]100
[11]96;
[5]96;
[14]95;[8]98,[14]99,[12]98,[17]99,[4]100,[11]100,[18]99
[7]98;[5]98
[12]94;[5]99,[13]97,[16]99
[15]97;
[17]95;
[9]98;[11]98,[15]99,[16]98,[1]99,[14]98
[18]95;
[16]96;
[4]95;
[1]96;[2]100,[8]99
[8]95;
[2]96;[15]98
[3]99;[2]99
[10]99;[4]99
[19]97;[17]98
[6]98;[7]100
[11]97;[13]95
[13]94;[15]100
[14]96;[19]100
[12]95;[16]98
[5]97;
[7]99;[13]98,[17]100
[4]96;[6]100
[1]97;[1]99,[14]98,[11]99,[4]99
[9]99;[18]98
[2]97;[13]96,[4]98
[16]97;[11]99
[15]98;[8]98,[4]100
[18]96;[16]99,[12]98,[17]99
[3]100;[12]100
[17]96;[15]100,[1]100
[8]96;[8]99,[12]99
[19]98;[14]100,[16]100
[0]100;[2]99
[13]95;
[6]99;
[7]100;[5]100,[12]99
[4]97;
[1]98;[13]97,[1]100
[12]96;[5]100
[14]97;[16]100
[5]98;[19]100
[11]98;
[18]97;
[9]100;[8]100,[13]99
[2]98;[13]99
[15]99;[13]100
[19]99;[13]98
[8]97;
[17]97;
[16]98;[14]100
[10]100;
[6]100;
[13]96;
[4]98;
[1]99;[12]100
[14]98;
[12]97;
[11]99;
[2]99;
[5]99;
[15]100;[18]100
[17]98;[8]100
[19]100;
[18]98;[17]100
[13]97;
[4]99;
[1]100;
[8]98;[13]100
[14]99;[18]100
[16]99;
[2]100;
[12]98;
[17]99;
[4]100;
[11]100;
[18]99;
[14]100;
[8]99;
[5]100;
[16]100;
[13]98;
[17]100;
[12]99;
[18]100;
[8]100;
[13]99;
[12]100;
[13]100;
