Genesis;[8]1,[6]1,[0]1,[1]1,[4]1,[9]1,[2]1
[8]1;[7]1,[1]3,[8]2,[2]2,[3]1,[6]3
[6]1;[7]1,[6]2,[2]3,[3]1,[5]2
[0]1;[7]1,[0]2,[3]1,[2]4,[6]3,[5]1
[7]1;[8]5
[1]1;[1]2,[5]1
[4]1;[5]1,[3]3
[9]1;[9]2
[9]2;[5]2,[3]2
[1]2;[1]3,[3]2
[2]1;[2]2,[3]3
[6]2;[6]3
[0]2;[8]3,[0]3,[5]3,[4]2,[3]4,[6]4
[1]3;[8]3,[4]3
[8]2;[1]11
[2]2;[2]3
[2]3;[2]4,[8]3
[3]1;[3]2,[0]3
[2]4;[0]3,[5]3,[4]2,[3]4,[8]4,[6]4
[6]3;[5]3,[4]2,[8]7
[5]1;[5]2
[5]2;[8]5,[6]5,[9]3
[3]2;[3]3
[3]3;[4]3,[3]4,[8]4,[6]4
[8]3;[8]4
[0]3;[6]5,[8]7,[9]3,[5]4,[4]4,[2]5
[5]3;[0]5,[8]9,[1]5
[4]2;[4]3
[4]3;[9]3,[5]4,[4]4,[8]8,[2]5,[0]5
[3]4;[7]2,[8]8,[0]4,[2]6,[1]4,[6]6,[9]4
[8]4;[8]5,[5]4,[4]4
[6]4;[6]5
[8]5;[8]6
[8]6;[8]7,[2]5
[6]5;[7]2,[0]4,[8]9,[1]5,[9]4
[8]7;[7]2,[8]8,[0]4,[2]6,[1]4,[6]6,[9]4
[7]2;[7]3
[9]3;[1]4,[6]6,[8]10
[5]4;[7]3
[4]4;[7]3,[8]10,[1]6,[6]8,[9]7
[7]3;[7]4
[8]8;[8]9,[1]6,[9]5,[0]8
[2]5;[2]6,[9]5,[0]8
[0]4;[0]5
[0]5;[0]6,[9]6,[6]7
[8]9;[8]10,[6]7,[5]5,[0]9,[3]5
[2]6;[7]4,[9]6,[6]7,[5]5,[0]9,[1]7
[0]6;[7]4,[0]7,[5]5,[9]7,[8]11,[3]5
[7]4;[7]5
[1]4;[1]5,[8]11,[5]6,[3]5
[6]6;[6]8,[5]6
[1]5;[7]5,[1]6
[9]4;[9]5
[0]7;[7]5,[0]8,[1]7
[7]5;[7]6,[2]7
[8]10;[8]11,[6]10
[1]6;[7]6,[1]7,[8]12,[6]10
[9]5;[9]6
[0]8;[0]9,[8]12,[6]9
[9]6;[9]7
[6]7;[6]8
[6]8;[6]9
[5]5;[5]6,[6]9
[0]9;[7]6,[6]11,[4]5,[2]7,[5]7
[7]6;[1]8,[2]8,[4]7
[9]7;[9]18
[8]11;[8]12
[5]6;[6]11,[5]8,[4]6
[3]5;[4]5,[1]9
[1]7;[4]5,[2]7,[6]12,[5]8,[1]8,[9]8
[8]12;[6]12,[5]7,[1]9,[9]8,[2]9
[6]9;[6]10
[6]10;[6]11,[5]7,[1]8,[4]6
[6]11;[6]12,[2]8,[4]7,[9]8,[1]10,[8]13
[4]5;[4]6,[2]9,[8]13,[1]11
[2]7;[2]8,[1]10,[8]13,[6]13
[6]12;[1]13
[5]7;[5]8
[5]8;[1]13,[6]14,[9]10
[1]8;[1]9
[1]9;[1]10,[6]13
[4]6;[4]7,[6]13
[2]8;[2]9
[4]7;[7]7,[9]9,[0]10,[1]12,[5]10,[2]10,[3]6,[8]14
[9]8;[5]10
[2]9;[7]7,[9]9,[0]10,[1]12,[5]9,[2]10,[3]6,[8]14
[1]10;[1]11
[8]13;[5]9,[1]14
[1]11;[7]7,[9]9,[0]10,[1]12,[5]9,[2]10,[3]6,[8]14
[7]7;[8]15
[6]13;[1]14
[9]9;[6]14,[9]10,[3]7
[0]10;[7]8,[6]14,[9]10,[8]15,[5]11,[3]7
[1]12;[1]13
[5]9;[5]10
[1]13;[1]14,[8]16,[5]11,[3]7
[5]10;[7]8,[8]16,[5]11,[3]8,[6]16
[2]10;[8]17,[5]12,[3]8,[6]15
[3]6;[8]17,[5]12,[6]16
[8]14;[8]15
[1]14;[7]8,[6]15,[5]13,[8]18
[7]8;[0]13,[3]10,[5]16
[6]14;[6]15,[5]13
[9]10;[8]18,[6]18
[8]15;[8]16
[8]16;[8]17
[5]11;[5]12
[3]7;[3]8
[8]17;[8]18,[6]17,[0]11,[9]11
[5]12;[5]13,[0]11,[6]18
[3]8;[6]17,[0]11,[9]11,[5]14,[3]9,[1]15
[6]15;[6]16
[6]16;[6]17,[9]11,[5]14,[0]12,[3]9,[1]15
[5]13;[7]9,[5]14,[0]12,[3]9,[9]12
[8]18;[1]15,[0]13
[6]17;[7]9,[6]18,[3]10,[9]12
[0]11;[7]9,[0]12,[9]13
[7]9;[7]10
[6]18;[7]10,[9]13,[2]11,[5]15,[1]16
[9]11;[9]12
[5]14;[9]14,[2]11,[5]16
[0]12;[7]10,[0]13,[9]14,[2]11,[5]15,[1]16
[3]9;[3]10,[5]15
[7]10;[9]17
[1]15;[1]16,[9]15
[0]13;[3]11,[1]17,[9]15,[6]19,[0]14,[8]19
[3]10;[3]11,[1]17,[9]16
[9]12;[9]13,[3]11
[9]13;[9]14
[9]14;[9]15,[6]19,[0]14,[8]19,[1]18,[4]8,[2]12
[2]11;[9]16,[6]19,[0]15,[1]18,[2]12,[4]9
[5]15;[5]16
[5]16;[9]17,[0]14,[8]19,[6]20,[1]19,[4]8
[1]16;[1]17,[9]18,[0]15,[6]20,[4]8
[3]11;[1]19,[6]21,[0]17
[1]17;[1]18,[2]12,[4]9,[6]21,[0]16,[3]12
[9]15;[9]16,[0]16
[9]16;[9]17,[3]12
[6]19;[6]20,[3]12,[9]20
[9]17;[9]18
[0]14;[0]15,[9]20,[3]13
[9]18;[9]19,[0]17,[3]13,[5]17,[1]20,[4]10
[8]19;[5]17
[0]15;[0]16,[5]17,[1]20,[4]10,[9]21
[1]18;[1]19,[4]10
[6]20;[6]21
[1]19;[1]20,[9]21,[0]19
[9]19;[9]20,[2]13,[0]19,[1]21
[4]8;[4]9
[2]12;[7]12,[8]22
[4]9;[7]21,[8]32
[6]21;[2]13
[0]16;[0]17,[2]13,[1]21
[3]12;[3]13
[0]17;[0]18,[2]14,[8]20
[9]20;[9]21,[2]14,[8]20,[0]20
[3]13;[8]20
[5]17;[0]31,[1]35
[1]20;[1]21,[0]20,[8]22,[6]22
[4]10;[7]14
[9]21;[2]15,[8]21,[3]14,[6]22,[1]22
[0]18;[0]19,[2]15,[8]21,[3]14
[2]13;[2]14,[3]14
[0]19;[0]20,[6]22,[1]22,[3]15,[8]23
[1]21;[7]11,[1]22,[3]15,[0]21,[9]22
[2]14;[2]15,[0]21,[8]23
[8]20;[7]12,[8]21
[0]20;[7]11,[0]21,[9]22,[2]16,[1]23
[2]15;[7]11,[9]22,[2]16,[0]22
[7]11;[7]12
[7]12;[7]13,[6]23,[2]17,[3]16,[8]24
[8]21;[8]22
[8]22;[7]13,[8]23,[2]16,[0]22,[1]23
[3]14;[7]13,[3]15,[1]23
[6]22;[6]53
[7]13;[7]14
[1]22;[7]14,[9]23,[3]16,[8]24
[7]14;[7]15,[9]24,[5]18,[1]25,[2]18,[8]25,[3]18,[4]12
[3]15;[9]23,[4]11,[3]17
[0]21;[0]22,[1]24,[4]11,[6]23,[2]17
[8]23;[7]15,[4]11
[9]22;[9]23,[1]24,[6]23
[2]16;[7]16,[2]17,[3]17,[1]26
[0]22;[7]15,[3]16,[8]24,[9]24,[5]18,[1]25,[2]18
[1]23;[7]16,[1]24,[9]24
[7]15;[7]16
[7]16;[7]17,[4]13,[1]27
[7]17;[7]18,[8]26
[9]23;[5]18,[1]26
[7]18;[7]19,[5]19,[8]28,[6]24,[1]28,[0]23,[9]25
[1]24;[7]19,[1]25,[8]25,[3]18,[4]12,[5]19
[4]11;[8]27
[6]23;[2]18
[2]17;[3]19,[4]13,[1]27,[8]26
[3]16;[3]17
[8]24;[8]25,[3]19
[3]17;[7]19,[3]18,[4]12,[8]27
[9]24;[5]19
[7]19;[0]24,[8]30,[6]26,[1]29,[3]20
[5]18;[0]32
[1]25;[1]26
[1]26;[1]27,[8]28,[6]24
[2]18;[8]29,[1]28,[0]24,[6]26,[9]26
[8]25;[8]26
[3]18;[3]19,[8]29,[6]24
[3]19;[1]30,[0]25
[4]12;[4]13
[4]13;[0]23
[1]27;[1]28,[0]23,[9]25,[6]25,[8]30,[3]20
[8]26;[8]27
[8]27;[8]28,[9]25,[6]25,[1]30
[5]19;[7]20,[1]29,[3]20,[0]26
[8]28;[8]29,[9]26
[8]29;[7]20,[8]30,[0]25,[9]27,[6]27,[3]21,[4]14
[6]24;[6]25
[1]28;[7]20,[1]29,[0]26,[9]27,[6]27,[3]21
[7]20;[5]26,[4]23,[1]37
[0]23;[0]24,[4]14
[9]25;[9]26
[6]25;[6]26,[4]14
[0]24;[7]21,[0]25,[5]20,[6]28
[8]30;[8]32
[6]26;[6]27,[5]20
[1]29;[1]30
[1]30;[7]21,[5]20,[6]28,[3]22,[8]31,[9]28,[1]31,[2]19
[7]21;[7]22,[0]27,[1]32
[3]20;[7]22,[3]21,[8]31,[9]28
[9]26;[9]27
[0]25;[0]26,[3]22
[0]26;[7]22,[8]31,[9]28,[1]31,[2]19,[5]21,[0]27
[9]27;[0]56
[6]27;[6]28,[2]19
[7]22;[7]23
[3]21;[7]23,[3]22,[1]31,[5]21,[0]27
[4]14;[1]32,[8]33
[5]20;[7]23,[5]21
[7]23;[7]24,[0]28
[6]28;[2]25
[3]22;[8]33,[1]33,[4]15,[3]23,[9]29
[8]31;[8]32,[1]33
[8]32;[7]24,[8]33,[4]15,[3]23,[9]29,[5]22,[0]28
[9]28;[4]15,[3]23
[1]31;[7]24,[1]32,[9]29,[5]22
[2]19;[7]27,[3]25,[0]30
[7]24;[7]25,[0]30,[2]20,[3]26
[5]21;[5]22
[0]27;[7]25,[0]28,[3]24,[8]34,[2]20
[1]32;[1]33
[8]33;[7]27,[3]24
[1]33;[7]26,[3]25,[0]29,[2]21
[4]15;[0]29,[8]34,[2]21
[3]23;[7]25,[3]24
[7]25;[7]26,[1]34,[4]16,[0]32
[9]29;[8]34
[5]22;[7]26,[2]20,[9]30
[7]26;[7]27
[7]27;[7]28,[4]17,[2]22,[0]33,[8]35,[3]27
[7]28;[8]36,[1]36,[0]34,[5]23,[9]31
[0]28;[0]29,[3]26,[9]30,[1]34,[4]16
[3]24;[3]25
[3]25;[3]26,[0]31,[9]30,[1]34,[4]16
[0]29;[0]30,[1]35
[8]34;[6]44,[5]33
[0]30;[0]31,[4]17,[2]22,[8]35,[3]27,[1]36
[2]20;[2]21,[0]33,[8]35
[2]21;[7]29,[2]22,[8]36,[0]34
[3]26;[3]27
[0]31;[0]32,[5]23
[9]30;[2]56,[3]66
[1]34;[1]35
[4]16;[4]17
[1]35;[7]29,[1]36,[5]23,[9]31
[0]32;[7]29,[0]33,[9]31
[7]29;[8]38,[2]24,[3]32
[4]17;[3]28,[4]18,[6]30
[2]22;[3]28,[4]20,[6]30,[8]37
[0]33;[0]34,[3]28,[4]18,[6]29,[2]23
[8]35;[8]36,[4]18
[3]27;[7]30,[4]20,[3]30
[8]36;[4]19,[0]35,[6]29,[2]23,[5]24,[3]30
[1]36;[7]30,[4]19,[0]35,[6]29,[2]23,[5]24,[3]29,[8]37,[9]32
[0]34;[7]30,[0]35,[5]24,[3]29,[8]37,[9]32
[5]23;[6]34
[9]31;[3]29,[9]32
[3]28;[7]32,[6]33
[7]30;[9]37
[4]18;[4]19
[4]19;[4]20
[0]35;[7]31,[6]31,[9]33,[3]31,[5]25,[4]22
[4]20;[7]31,[6]31,[9]33,[3]31,[5]25,[0]36,[4]22
[6]29;[6]30
[6]30;[7]31,[6]31,[3]31,[5]25,[4]21,[0]36
[2]23;[7]32,[9]33,[6]32
[7]31;[7]32,[6]34,[5]26,[2]24,[3]32
[5]24;[4]27
[3]29;[3]30
[3]30;[4]21,[0]36,[6]32
[8]37;[6]33
[9]32;[4]21
[7]32;[1]37,[3]33,[2]25
[6]31;[6]32,[5]26,[8]38,[2]24,[4]24,[3]33
[9]33;[8]38
[3]31;[3]32,[4]24
[5]25;[4]23,[1]37
[4]21;[4]22
[0]36;[6]35,[1]38,[2]26,[8]39
[4]22;[4]23,[6]35,[1]38
[6]32;[6]33
[6]33;[6]34
[6]34;[6]35,[2]26,[8]39
[5]26;[8]39
[8]38;[9]43,[8]46,[5]34,[3]43
[2]24;[2]25
[3]32;[3]33
[4]23;[4]24
[4]24;[6]37,[4]26,[8]41,[2]28
[1]37;[1]38
[3]33;[6]37,[4]26,[8]40,[2]27
[2]25;[2]26,[6]36,[9]34,[3]34
[6]35;[6]36,[9]34,[3]34,[4]25,[1]39
[1]38;[6]36,[9]34,[3]34,[4]25,[1]39,[8]40,[5]27,[2]27
[2]26;[4]25,[1]39,[8]40,[5]27,[2]27,[6]38,[0]37
[8]39;[5]27,[8]41
[6]36;[6]37,[4]27,[2]28,[0]37
[9]34;[0]37
[3]34;[6]38,[9]35,[8]42,[5]28
[6]37;[6]38,[9]35,[8]42,[1]40
[4]25;[4]26,[9]35
[4]26;[4]27,[8]42,[1]40,[5]28,[3]35
[1]39;[7]34,[1]40,[5]28,[0]38,[4]28,[3]35
[8]40;[8]41
[5]27;[0]41,[9]40
[8]41;[0]38,[4]28,[3]35
[2]27;[2]28,[1]41,[3]36
[4]27;[7]33,[4]28,[1]41,[3]36,[8]43
[2]28;[7]34,[8]44,[1]43
[6]38;[7]33,[5]29
[0]37;[7]33,[0]38,[8]43,[5]29,[9]36,[6]39
[7]33;[7]34,[3]37
[7]34;[5]30,[6]40,[2]29,[9]37
[9]35;[9]90
[8]42;[8]43,[5]29,[9]36,[6]39,[1]42
[1]40;[1]41,[8]44,[9]36
[5]28;[6]39
[0]38;[1]42,[0]39,[3]37,[5]30,[6]40,[2]29
[4]28;[1]43
[3]35;[3]36
[1]41;[1]42,[0]39,[3]37,[5]30
[3]36;[0]39,[5]31
[8]43;[8]44,[5]31,[6]40
[5]29;[0]46,[4]30,[2]32
[8]44;[2]29,[9]37
[9]36;[2]82
[6]39;[8]45
[1]42;[1]43
[1]43;[7]35,[6]41,[0]40,[2]30,[9]38,[3]38,[1]44
[0]39;[7]35,[6]41,[0]40,[2]30,[9]38,[3]38
[3]37;[0]40,[6]42
[5]30;[5]31,[6]42
[5]31;[7]35,[2]30,[9]38,[0]41,[3]38,[1]44,[8]45,[5]32
[7]35;[7]36,[0]42,[3]39
[6]40;[7]36,[6]41,[1]44
[2]29;[7]36,[8]45,[9]40
[9]37;[2]83,[5]80
[7]36;[7]37,[6]45,[5]33
[6]41;[6]42,[5]32
[0]40;[0]41,[5]32,[9]39
[6]42;[6]43
[6]43;[7]37,[9]39,[0]42
[2]30;[7]39,[0]43,[6]46,[9]42
[9]38;[7]39,[9]39,[3]39,[6]46
[0]41;[7]37,[0]42,[6]44,[9]41
[7]37;[7]38,[0]44
[3]38;[7]38,[3]39,[6]44,[0]44
[1]44;[7]38,[9]41,[0]43,[6]45
[7]38;[7]39,[1]45,[6]47,[9]42,[0]45,[4]29
[8]45;[8]47
[7]39;[7]40
[7]40;[0]46,[3]40,[4]30,[9]43,[1]46,[2]31,[6]48,[8]46
[5]32;[0]47,[1]48
[9]39;[9]40
[9]40;[9]41,[5]33,[1]45
[0]42;[0]43,[1]45,[6]47,[9]42
[3]39;[0]45,[4]29,[3]41,[2]31
[6]44;[6]45
[9]41;[1]46
[0]43;[0]44,[4]29,[3]40
[6]45;[6]46
[6]46;[6]47,[3]40,[0]47
[5]33;[6]52
[0]44;[0]45,[3]41,[2]31,[6]48,[4]31
[1]45;[1]46,[2]32,[4]32
[6]47;[6]48,[4]31
[9]42;[9]43
[0]45;[0]46,[2]33,[8]46
[4]29;[4]30,[2]33,[1]48
[0]46;[0]47,[9]44,[8]47,[4]32,[1]47,[5]34,[3]43
[3]40;[3]41,[9]44,[1]47,[5]34
[4]30;[4]31
[9]43;[9]44
[1]46;[1]47,[4]33
[3]41;[3]42
[0]47;[6]49,[4]33,[3]44,[0]48,[9]45,[8]48,[1]49
[3]42;[3]43,[6]49,[0]48
[2]31;[2]32
[6]48;[6]55
[4]31;[4]32,[6]49
[2]32;[2]33
[2]33;[3]44,[0]48,[6]50,[9]46
[8]46;[8]47
[9]44;[2]85,[4]74,[9]96
[8]47;[6]52,[8]49
[4]32;[4]33,[6]51
[1]47;[1]48
[5]34;[6]53
[3]43;[3]44,[9]45,[6]51,[0]49,[8]48,[1]49
[1]48;[6]50,[9]45,[0]49,[8]48,[1]49
[6]49;[6]50,[9]46,[4]34
[4]33;[7]41,[6]55
[3]44;[7]41,[6]54,[4]34
[0]48;[7]41,[0]49,[6]54,[4]34
[7]41;[6]56,[4]38
[6]50;[6]51
[9]45;[9]46
[6]51;[6]52,[8]49
[0]49;[7]42,[8]49,[4]35,[2]34,[1]50,[6]56
[8]48;[4]39
[6]52;[6]53
[1]49;[7]43,[8]50,[0]50,[6]57,[4]36,[1]51
[6]53;[7]42,[6]54,[4]35,[2]34
[9]46;[7]42,[2]34
[7]42;[4]36
[6]54;[6]55,[8]50
[4]34;[4]35,[1]50
[6]55;[7]43,[1]50,[6]56,[0]50,[4]36
[8]49;[8]50,[0]50
[4]35;[7]43,[6]57,[4]37,[0]51,[1]52
[2]34;[1]51,[4]37,[0]51,[2]36
[7]43;[0]53
[8]50;[4]38
[1]50;[1]51,[4]39,[2]35,[9]47,[6]58
[6]56;[6]57,[1]52,[2]35,[9]47
[0]50;[7]44,[0]51,[2]35,[9]47,[6]58
[6]57;[7]44,[6]58,[2]36,[0]52
[4]36;[4]37
[1]51;[7]44,[1]52,[0]52,[6]59,[9]48
[7]44;[7]45,[0]55
[4]37;[4]38,[6]59,[0]53
[0]51;[7]45,[0]52,[9]48,[1]53,[2]37,[3]45,[4]40,[6]60,[5]35
[4]38;[4]39
[4]39;[1]53,[0]54,[2]37,[9]50
[1]52;[1]53,[0]54,[3]45,[4]40,[6]60,[5]35,[9]49
[2]35;[2]36
[9]47;[9]48,[4]40
[6]58;[6]59,[3]45,[9]50
[2]36;[7]45,[2]37,[5]35,[9]49,[0]55,[1]54
[7]45;[7]46,[2]39
[0]52;[0]53
[6]59;[6]60,[0]56
[9]48;[9]49
[0]53;[0]54,[1]54
[1]53;[7]46,[1]54,[9]51,[6]61,[2]38,[0]58,[8]51,[3]46,[5]36
[0]54;[7]46,[0]55,[9]51,[6]61
[2]37;[0]59,[2]39
[3]45;[0]59,[2]41
[7]46;[2]41
[4]40;[9]52,[0]60
[6]60;[0]60
[5]35;[6]61
[9]49;[9]50
[9]50;[9]51,[1]55,[2]38,[0]58,[8]51,[3]46,[5]36
[0]55;[0]56,[1]55,[9]52
[0]56;[0]57,[2]38,[8]51,[3]46,[5]36
[0]57;[0]58,[9]53,[2]40,[8]52,[1]56
[1]54;[1]55,[9]53,[2]40
[9]51;[9]52
[6]61;[7]55,[8]66,[0]75,[9]63,[3]58
[1]55;[7]47,[8]52,[1]56,[2]42,[9]54,[4]41,[0]61,[6]62
[9]52;[9]53,[1]56
[2]38;[2]39,[8]53
[0]58;[0]59
[0]59;[0]60,[2]42
[8]51;[7]47,[8]52
[0]60;[7]47,[8]53,[9]54,[1]57,[4]41,[0]61,[2]43,[6]62
[3]46;[8]54,[2]43,[4]42,[1]58
[2]39;[2]40,[1]57
[7]47;[7]48,[4]43
[5]36;[1]63
[9]53;[9]54,[0]61
[2]40;[2]41,[4]41,[8]54,[6]62
[2]41;[7]48,[2]42,[4]42,[1]58
[8]52;[8]53
[1]56;[7]48,[1]57,[9]55,[4]43
[7]48;[0]63,[3]49
[2]42;[2]43
[8]53;[8]54,[9]55,[1]59
[9]54;[9]55,[0]62,[8]55
[1]57;[1]58,[0]62,[3]47
[4]41;[4]42
[0]61;[0]62,[1]59,[3]47,[8]55,[9]56,[5]37
[8]54;[3]47,[8]55,[9]56,[5]37
[2]43;[3]49
[6]62;[6]63,[8]56,[1]60
[4]42;[4]43,[5]37,[3]48
[1]58;[1]59,[0]63,[3]48
[9]55;[9]56
[4]43;[7]51,[1]62,[3]53
[0]62;[7]49,[0]63,[3]50,[6]64,[8]57
[1]59;[7]49,[3]50,[1]61
[3]47;[7]49,[3]48,[6]63,[8]56
[7]49;[7]50,[3]53,[5]38,[0]64
[8]55;[6]63,[8]57
[9]56;[6]64,[8]56,[1]60,[3]51
[5]37;[1]60
[0]63;[1]61,[3]51,[5]38,[0]64,[2]44,[4]44
[3]48;[3]49
[3]49;[3]50,[1]62
[3]50;[3]51,[5]38,[0]64,[2]44,[4]44
[6]63;[6]64
[6]64;[7]51,[2]44,[4]44,[0]65
[8]56;[8]57
[8]57;[1]68,[2]50
[1]60;[1]61
[1]61;[7]50,[1]62,[0]65,[5]39
[3]51;[7]50,[3]52,[5]39
[7]50;[7]51,[0]67
[7]51;[5]40,[9]59,[3]55,[8]59
[1]62;[1]63,[0]66,[9]58,[3]54,[2]45,[4]45
[3]52;[3]53,[1]63
[3]53;[9]57,[0]66,[3]54,[1]64,[2]45,[4]45,[5]40,[8]58
[5]38;[5]39,[9]57
[0]64;[0]65,[9]57
[2]44;[9]58,[0]67,[2]46,[3]55,[8]59,[6]66
[4]44;[2]47
[0]65;[0]66,[3]54,[1]64,[2]45,[4]45,[5]40,[9]59,[8]58
[5]39;[2]46,[6]66
[1]63;[1]64,[8]58,[2]47,[3]56,[6]65,[0]68
[9]57;[9]58,[3]56,[6]65,[0]68
[0]66;[0]67,[6]65,[5]41
[9]58;[9]59,[5]41,[0]69,[3]57
[3]54;[3]55
[1]64;[5]41,[0]69
[2]45;[2]46
[4]45;[0]72
[0]67;[0]68,[3]57,[5]42,[1]65
[2]46;[2]47
[5]40;[7]53,[0]74,[8]64,[9]62,[2]48,[6]70
[9]59;[7]52,[5]42,[0]70,[1]65,[8]60,[6]67,[9]60
[3]55;[3]56
[8]58;[8]59
[2]47;[7]52,[0]70,[1]65,[5]44
[8]59;[6]71,[1]67,[3]62,[0]78
[3]56;[3]57,[0]71,[5]44
[6]65;[6]66,[0]71
[6]66;[5]43,[8]60,[6]67,[9]60,[0]72
[0]68;[0]69,[5]43,[8]60,[6]67,[9]60
[5]41;[5]42,[9]61
[0]69;[7]52,[0]70,[9]61,[6]68,[8]61
[3]57;[6]68,[0]73
[7]52;[0]77
[5]42;[5]43,[8]61
[0]70;[0]71,[8]62
[1]65;[0]73,[8]62,[1]66,[6]69,[5]45
[0]71;[0]72,[1]66,[6]69
[5]43;[5]44
[8]60;[8]61
[6]67;[6]68
[5]44;[1]66,[6]69,[0]74,[8]63,[5]45,[9]62
[9]60;[9]61
[9]61;[2]97,[4]88
[0]72;[0]73,[8]63,[5]45
[6]68;[8]64,[0]76,[3]59
[8]61;[8]62
[0]73;[7]53,[0]74,[9]62,[8]66,[2]48,[6]70
[8]62;[7]53,[8]63,[0]75,[2]48,[9]63
[7]53;[7]55
[1]66;[7]54,[3]58,[5]46,[0]76,[2]49,[8]68,[4]46
[6]69;[7]54,[6]70,[0]77,[3]59
[0]74;[7]54,[0]75,[3]58,[5]46,[2]49,[8]67,[9]64
[7]54;[7]55
[7]55;[7]56
[8]63;[8]64
[8]64;[8]65
[5]45;[5]46,[8]68,[3]60
[8]65;[8]66
[9]62;[9]63,[8]67
[8]66;[7]56,[8]67,[9]64,[3]60,[4]46,[5]47,[6]71
[0]75;[7]56,[0]76,[4]46,[5]47,[8]69,[3]61
[2]48;[7]57,[2]49,[8]69,[3]61,[5]48
[9]63;[9]64
[7]56;[7]57
[6]70;[6]71
[3]58;[7]57,[3]59,[5]48,[1]67
[7]57;[7]58,[8]71
[5]46;[5]47,[4]48
[0]76;[0]77,[1]67
[0]77;[7]58,[4]47,[5]49,[3]62,[1]68,[0]78,[8]70,[2]50
[3]59;[7]58,[3]60,[4]48
[7]58;[7]59,[0]80,[2]51,[9]65
[2]49;[4]47,[5]49,[8]70,[0]79,[1]69,[2]51
[8]67;[8]68
[8]68;[8]69
[7]59;[7]60,[1]70,[2]52,[5]50,[4]49
[9]64;[2]98,[4]89
[3]60;[3]61
[4]46;[4]47
[5]47;[5]48
[8]69;[8]70
[3]61;[3]62,[0]78,[8]71
[6]71;[0]81
[5]48;[5]49,[0]79,[1]69
[1]67;[7]60,[1]68,[2]50,[0]80,[9]65,[5]50,[4]49
[4]47;[4]48,[9]65
[4]48;[7]60,[0]81,[1]70,[5]50,[4]49,[8]72
[7]60;[7]61,[8]73,[6]72,[3]63,[0]82
[5]49;[7]67,[4]55
[3]62;[2]52,[1]71,[5]52
[1]68;[7]61,[1]69,[5]51
[0]78;[7]61,[0]79,[5]51,[1]71
[8]70;[8]71,[5]52
[7]61;[2]53,[8]74
[8]71;[8]72
[0]79;[0]80,[8]72
[1]69;[1]70
[2]50;[2]51
[0]80;[0]81,[5]53
[2]51;[2]52,[5]53
[9]65;[7]63,[8]75
[0]81;[7]62,[8]73,[6]72,[3]63,[1]72,[5]54,[0]82,[9]66,[2]53
[1]70;[1]71,[8]73,[6]72,[3]63,[0]82
[2]52;[5]54,[3]64,[1]73,[2]54
[5]50;[5]51,[1]72
[4]49;[5]56
[5]51;[5]52
[1]71;[7]62,[1]72,[3]64,[0]83,[9]66,[2]54,[8]74,[5]55
[5]52;[5]53,[0]83,[9]66,[1]73,[2]53,[8]74
[8]72;[8]76
[5]53;[7]62,[5]54
[7]62;[7]63
[8]73;[7]63,[5]55,[2]55,[3]65,[0]84
[6]72;[2]67,[3]71
[3]63;[3]64,[5]56
[7]63;[7]75,[2]64,[5]64,[0]91
[1]72;[1]73,[8]75
[5]54;[5]55,[2]55
[0]82;[0]83
[3]64;[3]65,[4]52
[0]83;[2]56
[9]66;[5]57,[1]74,[9]67
[1]73;[3]65,[4]50,[0]84,[1]74
[2]53;[2]54
[2]54;[2]55,[4]50,[3]66
[8]74;[8]75,[4]50,[0]84
[5]55;[5]56
[5]56;[7]64,[5]57,[0]85,[9]67,[4]51
[8]75;[7]64,[5]57,[0]85,[1]74,[9]67,[4]51
[2]55;[7]64,[2]56
[7]64;[7]65,[9]68
[2]56;[7]66,[4]52,[1]75,[8]76,[0]86,[2]57
[3]65;[3]66,[1]75
[4]50;[7]66,[4]51
[3]66;[7]65,[8]76,[0]86,[2]57,[4]54
[0]84;[7]65,[0]85
[7]65;[7]66
[7]66;[7]67
[5]57;[7]67,[3]67
[7]67;[7]68
[0]85;[7]68,[0]86,[2]57,[3]67,[4]53,[9]68
[1]74;[7]68,[1]75,[3]67,[4]53
[9]67;[2]63
[7]68;[7]69,[6]73,[2]58,[9]69,[5]59,[8]77
[4]51;[4]52
[4]52;[4]53,[9]68
[1]75;[4]54,[5]58,[2]60
[8]76;[5]58,[2]58,[9]69
[0]86;[7]69,[4]55,[5]58,[6]73,[2]59,[9]70,[8]77
[2]57;[2]58,[5]59,[6]74,[1]76,[8]78,[0]87
[3]67;[6]73,[9]69,[2]61
[4]53;[4]54,[2]59
[9]68;[2]60
[4]54;[7]69,[4]55,[9]70,[5]59,[6]74,[8]77
[7]69;[7]70
[4]55;[7]70,[1]76,[2]61,[8]78,[5]60,[0]87,[6]75,[9]71,[4]56
[5]58;[7]71,[1]76,[5]60,[0]87,[8]79,[4]57,[2]62
[6]73;[6]74,[1]77
[2]58;[7]70,[2]59,[1]77,[6]75
[7]70;[7]71
[2]59;[2]60,[9]71
[9]69;[9]70
[2]60;[7]71,[2]61,[1]78,[8]79,[4]56,[0]88
[9]70;[9]71,[4]56,[2]62,[0]88,[8]80
[5]59;[5]60,[1]78
[6]74;[6]75,[4]57
[8]77;[8]78
[7]71;[7]72,[9]74
[1]76;[1]77,[5]61,[4]58
[2]61;[2]62,[5]61,[4]58,[9]72,[8]80
[8]78;[8]79,[9]72
[5]60;[5]61
[0]87;[0]88,[9]74
[1]77;[1]78
[6]75;[3]77
[9]71;[9]72,[0]89,[6]76
[1]78;[7]72,[9]73,[0]89,[6]76,[1]79,[5]62
[8]79;[7]72,[8]80,[9]73,[0]89,[6]76,[1]79,[5]62,[4]59
[7]72;[7]73,[4]61,[2]63
[4]56;[4]57
[4]57;[4]58
[2]62;[1]79,[4]59,[6]78
[0]88;[7]73,[6]77,[4]61
[5]61;[7]73,[5]62,[6]77,[4]62
[7]73;[7]74,[9]75,[0]90,[1]80
[4]58;[4]59,[6]78,[5]63
[9]72;[9]73,[4]60
[8]80;[5]63,[4]60,[3]68,[9]75,[0]90
[9]73;[9]74
[9]74;[7]74,[4]62,[3]68,[2]63,[9]75,[0]90
[0]89;[7]74,[3]68,[9]76
[7]74;[6]79,[8]81,[2]64,[5]64,[0]91
[6]76;[6]77
[1]79;[6]79,[8]81
[5]62;[5]63
[4]59;[4]60
[6]77;[6]78
[6]78;[1]80
[5]63;[1]80
[4]60;[4]61
[4]61;[4]62,[9]76
[4]62;[6]79,[8]81
[3]68;[6]80,[8]82,[9]79
[2]63;[7]76,[6]80,[8]82,[9]78,[2]66
[9]75;[9]76
[0]90;[7]75,[6]81,[2]65,[9]77,[3]69,[0]92
[1]80;[7]75,[6]81,[2]64,[5]64,[9]78,[3]70
[7]75;[8]86
[9]76;[2]65,[0]91,[9]77
[6]79;[7]76,[6]80,[9]77,[2]66,[3]69
[8]81;[7]76,[8]82,[9]79,[3]69
[7]76;[8]83,[6]85
[6]80;[6]81,[2]67,[0]92,[3]70
[8]82;[0]92,[1]81
[6]81;[7]77,[3]71,[1]81
[2]64;[2]65,[1]81
[5]64;[9]81,[6]83,[3]74
[2]65;[2]66
[0]91;[7]77,[1]82,[0]93,[3]72,[6]82,[9]80,[5]65
[9]77;[7]77,[9]78
[7]77;[7]78,[6]84,[2]68,[3]75
[9]78;[9]79,[1]82
[9]79;[7]78,[0]93,[3]72
[2]66;[7]78,[2]67
[7]78;[7]79,[3]76
[3]69;[7]79,[3]70
[2]67;[7]79,[3]73,[6]82,[9]80
[7]79;[7]80,[3]77,[2]69
[0]92;[0]93,[3]73,[6]82,[5]65,[9]81,[2]68
[3]70;[3]71
[3]71;[3]72,[9]80,[5]65,[6]83,[2]68
[1]81;[1]82,[3]74,[6]84
[1]82;[7]80,[3]75
[0]93;[7]80,[3]76,[2]69,[4]63,[5]66
[7]80;[7]81,[4]66
[3]72;[3]73
[3]73;[3]74,[2]69
[6]82;[6]83
[9]80;[9]81
[5]65;[3]79,[0]94
[9]81;[4]63,[6]85
[6]83;[6]84
[3]74;[3]75,[4]63,[8]83,[6]85
[6]84;[8]83,[5]66
[2]68;[3]79,[4]64,[0]94,[6]86,[5]67
[3]75;[3]76,[4]64,[5]66,[0]94
[3]76;[3]77
[3]77;[3]78,[6]86
[2]69;[1]83,[2]70,[3]80,[5]69
[3]78;[3]79,[5]67
[4]63;[4]64
[8]83;[1]83
[3]79;[1]83,[2]70,[6]87,[5]68,[3]80,[9]82
[6]85;[6]86
[4]64;[2]70,[1]84
[5]66;[5]67,[2]72
[0]94;[6]87,[5]68,[1]84,[3]80,[2]72,[9]82
[6]86;[6]87,[5]69
[5]67;[5]68,[9]82
[1]83;[1]84,[6]88,[3]81
[2]70;[2]71
[2]71;[2]72,[6]88,[3]81
[6]87;[6]88
[5]68;[5]69
[1]84;[1]85,[0]95
[3]80;[3]81,[0]95,[8]84,[2]73,[1]86,[4]65,[6]90
[2]72;[0]95,[3]82,[6]89,[8]84,[2]73,[1]86,[4]65
[1]85;[3]82,[6]89,[8]84,[2]73,[1]86,[4]65
[5]69;[6]90
[9]82;[2]100
[6]88;[6]89
[3]81;[3]82
[0]95;[5]70,[2]74,[9]83,[4]67
[3]82;[5]70,[2]74,[4]66
[6]89;[7]81,[6]90,[5]70,[2]74
[8]84;[9]84
[2]73;[7]81,[4]66,[2]75
[1]86;[7]82,[2]75,[4]67,[5]71,[9]84,[0]96,[8]85
[4]65;[9]83,[0]97
[7]81;[7]82,[9]86
[6]90;[9]83,[5]71
[5]70;[7]82,[5]71,[0]96,[8]85,[9]86
[7]82;[7]83
[2]74;[2]75,[0]96
[4]66;[4]67,[8]85,[9]85,[5]72,[2]76
[2]75;[7]83,[9]85,[0]97,[5]72,[2]76,[8]86,[3]83
[9]83;[9]84,[2]76,[8]86,[0]98
[4]67;[0]98,[2]77
[5]71;[7]83,[5]72,[3]83
[7]83;[7]84
[9]84;[7]84,[9]85,[3]83,[2]77
[0]96;[7]84,[0]97
[8]85;[1]95
[7]84;[6]93,[1]91
[9]85;[9]86
[9]86;[5]73,[3]84,[2]78,[8]87,[6]91,[9]87,[4]68,[0]99
[0]97;[0]98,[5]73,[3]84,[2]78,[8]87,[6]91,[9]87
[5]72;[5]73,[8]87,[0]100
[2]76;[2]77,[6]91,[9]87
[8]86;[7]85,[9]89,[5]76
[0]98;[4]68,[6]92,[2]79,[0]99,[5]74,[1]87,[9]88,[3]85,[8]88
[3]83;[3]84,[2]79,[1]87,[0]100
[2]77;[2]78,[4]68,[6]92,[0]99,[5]74,[1]87
[5]73;[5]74,[9]88,[3]85,[8]88
[3]84;[3]85,[1]88,[8]88
[2]78;[2]79,[1]88,[8]89
[8]87;[5]75,[1]89,[3]86
[6]91;[6]92,[8]89
[9]87;[9]88
[4]68;[8]95
[6]92;[5]75,[8]90,[9]89
[2]79;[8]90,[1]89,[3]86,[5]77
[0]99;[0]100
[5]74;[5]75,[9]90
[1]87;[1]88,[5]77
[0]100;[7]85,[9]89,[5]76,[8]92
[9]88;[8]91
[3]85;[3]86
[1]88;[7]85,[1]89,[8]91
[7]85;[1]92
[8]88;[8]89
[8]89;[8]90
[5]75;[5]76,[8]92
[8]90;[8]91,[1]90
[1]89;[8]93,[1]90,[4]69,[3]87
[3]86;[8]94,[4]70
[9]89;[9]90
[9]90;[8]93,[1]90
[5]76;[5]77,[8]94
[5]77;[8]95,[4]69,[3]87
[8]91;[8]92,[4]69,[3]87
[8]92;[8]93,[4]70
[8]93;[8]94
[1]90;[7]86,[6]93,[1]91,[3]88,[2]80,[8]96
[8]94;[8]95
[8]95;[7]86,[6]93,[1]91,[3]88,[2]80,[8]96
[4]69;[4]70,[1]92,[3]88,[2]80
[3]87;[3]89,[1]94,[8]97,[9]91,[5]78
[4]70;[7]86,[8]96,[3]89,[1]94
[7]86;[6]97,[2]81
[6]93;[8]97,[1]95,[9]91,[5]78
[1]91;[1]92
[1]92;[1]93
[1]93;[1]94,[9]91,[5]78,[8]98,[6]94
[3]88;[3]89,[6]94
[2]80;[8]98,[6]94,[1]97
[8]96;[8]97
[3]89;[6]95,[1]98,[8]99,[9]92
[1]94;[1]95
[8]97;[8]98
[1]95;[1]96,[6]95
[9]91;[1]97,[9]92
[5]78;[7]87,[1]98,[6]96,[8]100,[4]71
[8]98;[8]99
[1]96;[1]97,[8]99,[6]96,[9]92
[6]94;[6]95,[8]100
[6]95;[7]87,[6]96,[4]71
[1]97;[7]87,[1]98,[4]71
[7]87;[7]88,[2]84,[6]98,[1]99,[5]79
[1]98;[7]88,[6]97,[9]93,[2]81
[8]99;[8]100
[6]96;[6]97,[9]93,[2]81
[8]100;[7]88,[2]82
[9]92;[9]93,[2]83
[7]88;[7]89,[4]73,[5]81,[1]100,[9]96,[2]86
[4]71;[7]89,[2]84,[6]98,[1]99,[5]79,[9]94,[4]72
[6]97;[7]90,[6]98,[1]99,[5]79,[4]72,[2]85,[9]95
[9]93;[9]94,[2]86
[2]81;[2]82,[9]94
[2]82;[7]89,[2]83,[4]72,[5]80
[7]89;[7]90
[2]83;[7]90,[2]84,[4]73,[5]81,[1]100
[7]90;[7]91
[2]84;[7]91,[2]85,[4]74,[9]95
[6]98;[7]91
[7]91;[7]95
[1]99;[1]100,[6]99
[5]79;[5]80
[9]94;[9]95
[4]72;[4]73
[5]80;[5]81
[2]85;[2]86,[6]99
[4]73;[4]74,[6]99
[5]81;[7]94,[2]89
[1]100;[7]92,[9]97,[2]87,[3]90,[4]75,[5]82
[4]74;[7]93,[9]98,[3]91,[2]88,[4]76,[6]100
[9]95;[9]96
[9]96;[7]92,[9]97,[2]87,[4]75,[3]91
[2]86;[7]92,[9]97,[2]87,[3]90,[4]75,[5]82
[7]92;[7]93
[6]99;[7]93,[3]90,[9]98,[5]82,[2]88,[4]76
[7]93;[7]94
[9]97;[7]94,[9]98,[2]89,[6]100
[7]94;[7]95
[2]87;[7]95,[2]88,[6]100,[3]92,[4]77
[7]95;[7]96,[4]80,[2]90
[3]90;[3]91
[9]98;[9]99,[3]92,[4]77
[4]75;[4]76
[5]82;[4]80,[2]91,[5]85,[3]94
[3]91;[7]96,[3]92,[4]78,[5]83
[2]88;[2]89,[4]78
[4]76;[4]77
[2]89;[7]96,[5]83,[4]79,[2]90,[9]100
[9]99;[5]83,[4]79,[9]100
[7]96;[2]95
[6]100;[7]98,[2]92
[3]92;[2]90,[5]84,[9]100,[4]81,[3]93
[4]77;[4]78,[5]84,[2]91
[4]78;[4]79,[2]92,[3]93
[5]83;[5]84,[4]81,[3]93
[4]79;[4]80,[5]85,[3]94
[4]80;[7]97,[4]81,[3]95
[2]90;[7]97,[2]91,[4]82,[3]95
[5]84;[7]97,[5]85,[4]82
[9]100;[2]96,[4]87
[7]97;[7]98
[2]91;[7]98,[2]92
[7]98;[7]99
[2]92;[7]99,[5]86,[4]83,[2]93
[4]81;[4]82,[5]86,[2]93
[3]93;[3]94
[5]85;[7]100,[5]86,[4]83
[3]94;[3]95,[2]93
[4]82;[7]99,[4]83
[7]99;[7]100
[3]95;[7]100,[4]84
[7]100;[2]95,[4]85
[5]86;[2]94,[4]85
[4]83;[4]84,[2]94
[2]93;[4]84,[2]94
[4]84;[4]85
[2]94;[2]95
[2]95;[2]96,[4]87
[4]85;[4]86,[2]96
[4]86;[4]87,[2]97
[2]96;[2]97,[4]88
[4]87;[4]88,[2]98
[2]97;[2]98,[4]89
[4]88;[2]100,[4]89
[2]98;[2]99
[2]99;[2]100
[2]100;[4]91
[4]89;[4]90
[4]90;[4]91
[4]91;[4]92,[5]87
[4]92;[4]93
[4]93;[4]94,[5]89
[5]87;[5]88
[5]88;[5]89
[4]94;[5]90,[4]95,[3]96
[5]89;[5]90,[4]95,[3]96
[5]90;[5]91,[4]98,[3]97
[4]95;[4]96
[4]96;[4]97
[4]97;[5]91,[4]98,[3]97
[3]96;[3]97,[5]92
[5]91;[5]92,[3]98,[4]99
[4]98;[5]92,[3]98,[4]99
[3]97;[3]98,[4]99
[5]92;[4]100,[3]100
[3]98;[3]99
[4]99;[4]100
[3]99;[3]100
[4]100;[5]93
[3]100;[5]93
[5]93;[5]94
[5]94;[5]95
[5]95;[5]96
[5]96;[5]97
[5]97;[5]98
[5]98;[5]99
[5]99;[5]100
[5]100;
