Genesis;[8]1,[6]1,[0]1,[1]1,[4]1,[9]1,[2]1,[3]1,[7]1,[5]1
[8]1;[9]2,[1]2,[6]2,[0]2,[8]2,[2]2,[5]2,[3]2,[4]2
[6]1;[9]2,[1]2,[6]2,[0]2,[8]2,[2]2,[5]2,[3]2,[4]2
[0]1;[0]3,[1]3,[8]3,[9]3,[2]3,[6]3,[5]3,[3]3
[1]1;[0]3,[1]3,[8]3,[9]3,[2]3,[6]3,[5]3
[4]1;[9]4,[7]3
[9]1;[2]4,[0]4,[4]4
[2]1;
[3]1;
[7]1;
[5]1;
[9]2;[7]2,[4]3,[9]4,[2]4
[1]2;[7]2,[3]3,[4]3
[6]2;[8]4,[0]4,[1]4,[5]4,[4]4
[0]2;[1]4,[6]4,[5]4,[3]4
[8]2;[9]5,[1]5,[6]5,[5]5,[2]5,[3]5
[2]2;[9]5,[1]5,[7]4,[8]5,[5]5,[4]5,[2]5,[3]5
[5]2;[9]6,[1]6,[7]5,[0]5,[5]6,[8]6,[6]6
[3]2;[9]6,[1]6,[7]5,[0]5,[5]6,[4]6,[6]6
[4]2;[9]7,[3]6,[0]6,[8]7,[1]7
[0]3;[8]4,[7]3,[6]4,[3]4
[1]3;[7]4,[8]5,[6]5
[8]3;
[9]3;
[2]3;
[7]2;[4]5
[6]3;
[5]3;
[3]3;[2]6,[0]6
[4]3;[8]6,[7]6
[9]4;[9]7,[2]6,[7]6
[2]4;[5]7,[8]7,[1]7,[4]7,[7]7,[9]8
[8]4;[4]6
[0]4;[9]8,[5]8,[3]7,[0]7,[8]8,[1]8,[4]8
[1]4;[6]7,[2]7,[0]7
[7]3;
[6]4;[2]8
[5]4;[6]8,[8]9
[3]4;
[4]4;[8]9,[5]9,[6]9,[1]9
[9]5;[5]7,[4]7,[6]7,[7]7
[1]5;[2]7,[1]8,[4]8
[7]4;[3]7,[8]8,[6]8
[8]5;[2]8,[3]8
[6]5;[3]9,[0]9
[5]5;[7]8,[3]8,[0]8,[5]9,[9]9
[4]5;[7]8,[4]9,[6]9,[2]9
[2]5;[0]9,[7]10
[3]5;[0]10
[9]6;[3]6
[1]6;[1]9
[7]5;[5]8
[0]5;
[5]6;
[8]6;[4]9,[8]10,[5]10
[4]6;[7]9,[8]10,[6]10
[6]6;
[9]7;[0]8
[3]6;
[2]6;[9]9,[7]9,[6]10
[7]6;[9]10,[8]11,[7]10,[2]10,[3]10,[1]10,[5]11,[6]11
[5]7;[2]9
[0]6;
[8]7;[2]11,[7]11,[8]12
[1]7;[2]11,[7]11,[5]12,[3]11
[4]7;[5]10
[6]7;[8]11,[6]11,[9]11
[2]7;[3]9
[7]7;[1]10
[9]8;[2]12,[0]11,[9]12,[4]12,[7]12
[5]8;
[3]7;
[0]7;[9]11
[8]8;
[1]8;[4]10
[4]8;
[6]8;[4]10,[9]10,[0]10
[2]8;
[7]8;[2]10,[5]11,[4]11
[3]8;
[0]8;[5]13,[6]13,[2]13,[1]12,[0]12,[4]13
[8]9;
[5]9;[3]10
[4]9;[4]11,[5]12,[8]12,[6]12
[6]9;[3]11,[6]12,[1]11
[1]9;
[2]9;[0]11,[7]12,[5]13,[8]13,[6]13,[3]12
[9]9;[2]14,[1]13,[8]14
[7]9;
[3]9;
[8]10;[1]11,[2]12,[9]12
[5]10;[3]12,[7]13,[4]13
[0]9;
[6]10;
[4]10;
[9]10;[5]14,[9]13,[6]14,[3]13,[2]14,[1]13,[8]14
[8]11;
[7]10;
[2]10;[5]14,[7]14,[0]13
[3]10;
[1]10;[7]13
[5]11;[6]14,[3]13,[0]13,[4]14
[0]10;
[6]11;
[9]11;
[4]11;[3]14,[2]15,[5]15
[2]11;[4]12,[8]13,[2]13,[1]12
[7]11;[0]12
[5]12;[1]15,[6]16,[4]16,[2]17
[3]11;[0]14
[8]12;[6]15,[8]15
[6]12;[6]16,[3]16,[5]17,[8]17
[1]11;[2]17,[9]16
[2]12;[9]13
[0]11;[1]14,[7]15,[4]15,[2]16,[3]15
[9]12;[8]15,[7]15
[4]12;[4]15,[5]16,[3]15
[7]12;[5]16,[9]15,[1]15
[5]13;[4]14,[3]14,[2]15,[5]15,[9]14,[6]15,[1]14
[8]13;[9]15,[8]16
[6]13;[7]14
[3]12;[9]14
[2]13;[0]14,[2]16
[1]12;[0]15
[0]12;
[7]13;
[4]13;[0]17
[5]14;[8]17,[0]16,[7]16,[6]17,[2]18,[5]18,[1]17
[9]13;[9]16
[6]14;[0]15,[3]16,[5]17
[3]13;[4]16
[2]14;[3]18
[1]13;
[8]14;
[7]14;[1]16,[3]17,[5]18
[0]13;[1]17,[6]18,[9]17,[2]19
[4]14;[0]17,[4]17
[3]14;[2]18,[3]17,[7]17,[6]18,[8]18
[2]15;[7]16,[6]17
[5]15;[4]17,[2]19,[1]18
[9]14;[7]18
[6]15;[7]18
[1]14;[8]16
[8]15;
[7]15;[2]24,[0]23,[1]23,[6]23,[8]24,[9]21,[7]23,[4]23
[4]15;[2]24,[0]23,[1]23,[6]23,[8]24,[9]21,[7]23,[4]23
[0]14;[0]16
[2]16;
[5]16;
[3]15;
[9]15;
[8]16;
[1]15;[1]16
[6]16;[7]17,[8]18,[9]17,[3]18
[0]15;[8]19
[4]16;[2]20,[0]19
[2]17;[8]19,[3]19
[3]16;[5]20
[9]16;
[5]17;[9]18
[1]16;[2]21
[8]17;[1]18,[6]19,[0]18,[2]20
[0]16;[4]18,[3]19
[7]16;[5]19,[1]19,[0]19
[6]17;[8]20,[3]20,[5]20
[2]18;[4]18
[3]17;[0]18
[5]18;[3]20,[1]20,[0]20,[6]21
[1]17;[7]20,[8]21,[1]20,[4]20,[9]19
[0]17;[1]19,[7]19,[4]19,[8]20,[6]20
[7]17;[6]21,[9]19,[2]22,[3]21,[7]21,[0]21,[1]21
[6]18;[4]20,[0]20,[2]22,[8]22
[8]18;[3]21,[7]21,[0]21,[1]21,[5]21,[6]22
[4]17;[6]19
[9]17;
[2]19;[7]19,[4]19,[6]20,[2]21
[3]18;[2]23
[1]18;[8]21
[7]18;[5]19,[9]18
[6]19;[8]22
[8]19;[3]22,[5]22
[4]18;[5]21,[4]21
[0]18;[4]21,[8]23,[0]22,[1]22,[3]22,[5]22
[2]20;[2]23,[8]23,[0]22
[3]19;[3]24
[5]19;[6]22
[9]18;[7]20
[1]19;[7]22,[9]20
[7]19;[3]23
[4]19;[3]23,[5]23
[8]20;[7]22
[0]19;[9]22
[6]20;
[2]21;
[3]20;[9]20
[5]20;[0]24,[8]26
[7]20;[4]22
[8]21;[8]25,[6]24,[3]24
[1]20;[2]26,[1]25,[4]25
[4]20;[2]25
[0]20;[1]24
[6]21;
[9]19;[9]23,[0]25
[2]22;
[8]22;
[3]21;[1]22,[4]22
[7]21;[5]23,[1]24,[9]22,[4]24
[0]21;[2]25,[0]24
[1]21;[4]24,[7]24,[2]26,[8]26
[5]21;
[6]22;
[4]21;[6]24
[2]23;
[8]23;
[7]22;[8]25
[9]20;
[0]22;
[1]22;[8]27,[9]25
[3]22;
[5]22;
[4]22;
[2]24;[7]24
[0]23;
[1]23;
[6]23;
[8]24;
[9]21;
[7]23;
[4]23;
[2]25;[3]25,[1]26
[3]23;
[5]23;[4]25
[1]24;[1]25,[0]25,[3]25
[8]25;[5]35
[6]24;[9]23
[9]22;
[0]24;
[4]24;[8]27,[3]26,[4]26,[5]25,[2]28
[3]24;
[7]24;[5]24,[6]25,[7]25
[2]26;[5]24,[9]24,[6]25,[2]27
[8]26;
[9]23;[9]24,[7]25,[2]27,[1]26
[1]25;[3]26
[0]25;[6]26,[1]27
[4]25;[4]26
[3]25;[0]26,[1]27,[3]27,[7]26
[5]24;[9]25,[2]28,[6]26,[8]28,[3]27
[9]24;[0]26,[2]29
[6]25;[5]25
[7]25;[8]28
[2]27;[3]28
[1]26;[0]27,[2]30,[4]28,[6]28
[8]27;[4]27,[2]29,[5]26
[3]26;[9]26,[6]27,[7]27
[9]25;[8]30,[5]28,[1]30
[4]26;[4]27,[7]26,[8]29
[5]25;[9]26,[5]26,[4]28
[2]28;[9]28
[0]26;[6]27,[3]28,[7]27
[6]26;[1]28,[0]27,[5]27
[8]28;[8]29
[1]27;[1]28
[3]27;
[4]27;[2]30
[7]26;[7]30
[2]29;[5]27,[9]27,[1]29
[9]26;[3]29,[4]29,[8]30,[0]28
[5]26;
[6]27;[6]28
[3]28;[9]27,[3]29
[8]29;[1]29,[4]29,[5]28
[1]28;[2]31,[6]29
[0]27;[2]31,[6]29,[9]28
[2]30;[0]28
[4]28;[4]30,[8]31,[9]29
[7]27;[1]30,[3]30,[2]32
[6]28;[1]31
[5]27;[8]31,[5]29,[2]33
[9]27;[7]28,[3]30
[3]29;[0]29,[4]31
[1]29;[4]30,[0]29
[2]31;[7]28,[2]32,[1]31
[4]29;[4]32
[8]30;[5]29,[7]29
[5]28;[6]30,[2]33
[0]28;[3]31
[1]30;[8]33,[4]33
[6]29;[1]32
[9]28;[9]29,[3]31
[7]28;[6]30
[3]30;[4]31,[5]30
[4]30;[7]29,[1]32,[8]32
[2]32;[5]31
[0]29;[2]36
[8]31;[9]30,[3]32,[0]30
[5]29;[8]32,[5]30,[4]32
[1]31;[6]31,[9]31
[9]29;[9]30
[7]29;[0]30
[6]30;[1]33,[7]31
[4]31;[3]32,[7]30
[3]31;[7]33,[0]35
[2]33;[7]31,[4]34
[1]32;[8]33,[9]31
[8]32;[1]33
[5]30;[0]31,[3]34
[9]30;[4]33,[6]31,[3]33,[5]31
[4]32;[3]33,[6]32
[3]32;[8]34,[2]34,[4]34
[7]30;[2]34,[0]31,[1]34,[3]34,[5]32
[0]30;[8]34,[1]34
[1]33;[6]32
[8]33;[9]32,[0]32,[1]35
[4]33;[5]32,[2]35
[6]31;[6]33
[9]31;[6]34
[3]33;[7]32,[3]35,[0]33
[7]31;[9]32,[2]35,[8]35,[6]33
[5]31;[7]32,[3]35,[9]33
[8]34;[0]32,[4]35
[2]34;[8]35,[5]33,[1]35,[9]33
[0]31;[4]35,[0]33
[4]34;
[6]32;[2]36
[1]34;
[3]34;[3]36,[9]34
[5]32;[5]33
[9]32;[8]36
[2]35;[3]36,[4]36
[0]32;[5]34,[0]34
[8]35;[8]36,[1]36,[2]37
[7]32;[9]34,[4]36,[3]37
[6]33;[3]37
[3]35;[1]37,[9]36
[4]35;[1]36,[6]34
[5]33;[5]34,[2]37,[7]33
[1]35;[0]34,[4]37
[9]33;[9]35,[4]37,[2]38
[2]36;[3]38,[6]36
[0]33;[3]39
[8]36;[9]35,[6]35
[3]36;[8]37,[5]35
[5]34;[0]36,[4]38
[9]34;[6]35,[3]38,[8]38
[1]36;[8]37,[7]34
[2]37;[1]38
[4]36;[5]36,[8]39
[6]34;[0]35,[7]34,[1]37,[8]38
[0]34;[3]39
[7]33;[6]37
[3]37;[2]38,[7]35,[6]36
[8]37;[7]35,[5]37
[9]35;[5]36,[2]39,[8]39
[5]35;[0]36
[6]35;[1]38
[4]37;[4]39
[0]35;[9]36,[4]38
[7]34;[9]37,[6]37,[7]36,[4]39
[1]37;[2]39,[1]39
[2]38;[5]37
[3]38;[6]42,[0]41,[7]41
[8]38;[5]38
[5]36;[9]39,[8]42
[0]36;[3]40
[7]35;[9]37,[0]37
[9]36;[8]40,[6]38,[2]41,[4]40
[6]36;[9]43,[1]45
[1]38;[1]39,[7]36,[2]40
[2]39;[2]40,[5]38,[1]40
[3]39;[0]37,[8]40,[1]40,[9]38
[4]38;[9]40
[8]39;
[5]37;[3]40
[9]37;[9]38,[6]38,[7]37,[8]41
[1]39;[4]40,[0]38,[7]37
[6]37;[1]41,[0]39
[7]36;[2]42
[4]39;[2]41,[0]38,[3]41
[2]40;[1]41,[5]39
[0]37;[3]41,[4]41,[7]38
[8]40;[8]41,[6]39,[0]39
[3]40;[8]43,[3]44,[9]42
[5]38;[9]39,[4]41
[1]40;[8]42
[9]38;[5]39
[6]38;[6]39
[2]41;[2]42
[4]40;[5]40,[9]41,[1]43
[0]38;[9]40
[7]37;[0]40,[9]41
[8]41;[7]38
[3]41;[3]42,[6]40,[2]43,[5]40,[7]39
[1]41;[3]42,[2]43,[1]42
[5]39;[4]42,[6]41
[2]42;[1]42,[7]39,[3]43,[6]41,[8]43
[6]39;[2]44
[9]39;[6]40,[4]42
[4]41;[0]40
[0]39;[4]43,[3]44,[9]42
[7]38;[3]43
[8]42;[5]41
[3]42;[9]43
[9]40;[4]43,[1]43,[7]40,[2]44
[6]40;[6]42,[8]44
[2]43;[7]41,[8]45
[1]42;[5]41,[0]41,[8]44
[4]42;[7]40
[5]40;[5]43
[0]40;[5]42,[0]42
[7]39;[8]45,[2]46,[6]44
[3]43;[1]44
[6]41;[5]43,[0]43,[1]46
[9]41;[4]44,[1]44
[8]43;[2]45,[0]42
[4]43;[4]44,[2]45,[6]43
[1]43;[5]42,[6]43
[5]41;[3]45,[4]45,[7]42
[7]40;[5]44
[2]44;[3]45,[4]45,[2]46
[3]44;[4]46,[2]47,[7]43
[6]42;[5]44
[9]42;[1]45,[7]42,[8]46
[0]41;[1]46
[8]44;[9]44,[8]47
[4]44;[6]44,[4]46
[2]45;[9]44,[2]47
[1]44;[0]45
[7]41;[3]46
[5]42;[7]43
[6]43;[3]47,[6]45,[1]47
[0]42;[9]45
[9]43;[8]46
[3]45;[3]46
[8]45;[0]43
[4]45;[4]47
[1]45;[3]49
[2]46;[6]45,[0]44
[7]42;[2]48,[6]46
[5]43;[8]47,[4]47
[6]44;[2]48,[8]48,[7]44
[8]46;[3]47
[3]46;[1]47
[0]43;[2]49
[1]46;[5]47,[2]50,[9]47,[8]50
[9]44;[5]45,[0]44
[4]46;[8]48,[3]48
[5]44;[9]46,[2]50,[0]46
[2]47;[0]45,[8]49,[6]47,[4]49
[7]43;[5]45,[6]46,[4]48
[8]47;[7]44
[3]47;[9]45,[4]48,[7]45
[6]45;
[4]47;[3]48,[2]49
[2]48;[5]46,[8]49,[7]45,[1]48
[1]47;[7]46
[5]45;[5]46
[0]44;[0]48,[3]51,[9]49
[8]48;[9]46,[4]49,[5]47,[1]49
[7]44;[6]47,[1]49
[6]46;[8]50,[4]50,[6]48,[2]51
[9]45;[1]48,[3]49
[4]48;[0]48
[3]48;[9]47,[5]48,[3]50
[5]46;[4]52
[2]49;[3]52
[0]45;[0]46
[8]49;[4]50,[9]48
[7]45;[3]50,[4]51
[1]48;[7]47,[6]49,[2]52
[9]46;[7]46,[6]48,[5]48
[6]47;[9]49,[1]51,[8]52,[0]49,[2]53
[4]49;[7]49
[3]49;[2]51,[0]47,[7]47,[8]51
[5]47;[0]47,[1]50,[6]49,[5]49
[2]50;[9]48,[8]51,[4]51,[5]49,[2]52,[3]51
[0]46;[1]50
[1]49;[5]50,[9]50
[7]46;[1]51,[8]52,[4]53
[9]47;[7]48
[8]50;
[4]50;[2]53,[3]52
[6]48;[0]49,[4]53,[1]52,[8]53
[5]48;[7]50,[1]53,[5]51,[9]51,[0]51,[2]55
[2]51;[3]53
[0]47;[9]50
[3]50;
[1]50;[6]50,[5]50,[7]49
[7]47;[7]48,[4]52,[6]50
[9]48;[6]52,[8]54,[7]51
[8]51;[7]51
[4]51;
[6]49;[8]53,-[8]1
[5]49;[7]50
[0]48;
[2]52;[1]52,-[8]1
[3]51;[7]52,[8]56
[7]48;[6]54,[5]54
[9]49;[2]54,[5]51,[9]51
[4]52;[3]53,[4]54
[6]50;[6]51,[2]54
[1]51;[6]51
[8]52;[4]54
[0]49;[8]55,[0]52,[9]52,[2]56
[2]53;[1]55
[3]52;[3]54
[5]50;[4]55,[5]52,[6]53,[1]54
[7]49;
[9]50;[1]53,[6]52,[2]55
[4]53;[4]55,[9]52
[6]51;[8]54
[1]52;[0]51
[8]53;
-[8]1;[8]56
[3]53;[5]52
[2]54;[4]57,[6]55,[1]56
[7]50;[3]55,[5]53,[4]56,[0]53
[4]54;[0]53
[1]53;[2]56,[4]56
[6]52;[3]54,[8]55,[6]53,[0]52
[5]51;[5]53,[6]54,[1]55
[8]54;[1]54,[3]55
[9]51;[5]54
[0]51;[7]52
[2]55;
[7]51;[1]56
[4]55;[7]53,[8]57
[5]52;[3]56,[6]55
[3]54;[7]54,[8]58
[8]55;[4]57,[8]57
[6]53;
[1]54;[3]56
[0]52;[2]57
[9]52;[0]54,[9]54
[2]56;[7]53,[2]57,[9]53
[7]52;[9]53,[0]54
[3]55;[3]57
[5]53;[4]59,[1]58
[4]56;
[6]54;[3]57,[9]54
[1]55;[0]56,[7]57
[8]56;
[0]53;[7]54,[4]58
[7]53;[5]55,[2]58,[6]56
[2]57;[5]56
[5]54;[5]55,[0]55,[6]56
[9]53;[1]57
[4]57;[2]58,[4]58,[8]58,[5]56
[3]56;[0]55,[2]59
[8]57;[3]58,[7]56
[6]55;[7]55
[7]54;[7]55
[1]56;[7]56,[9]55,[6]57
[0]54;[1]57,[3]58,[8]59,[0]56
[5]55;[4]59,[5]57
[2]58;[7]57,[8]60,[2]60
[3]57;[2]59,[8]59
[9]54;[9]55,[8]60,[2]60
[4]58;[1]58,[6]57
[8]58;[0]58
[0]55;[5]57,[3]59
[6]56;[7]59
[7]55;[5]58,[9]56,[3]60
[1]57;[0]67
[5]56;[7]58,[3]60
[2]59;[3]59,[0]57,[5]58
[3]58;[0]57,[4]60
[8]59;[1]59
[4]59;[6]58,[0]58,[5]59
[7]56;[1]59,[6]58
[0]56;[9]57,[3]61
[5]57;[9]56,[2]61
[9]55;[7]58
[1]58;[8]61,[9]58
[6]57;[4]62
[3]59;[5]60,[2]62,[1]61,[7]60,[8]62
[7]57;[4]60,[2]61
[0]57;[5]59
[8]60;[9]57,[8]61
[2]60;[9]58
[5]58;[2]62,[0]60
[1]59;[1]60,[4]61
[9]56;[7]59,[1]60,[0]59,[3]61
[7]58;[0]59
[6]58;[6]59,[4]61,[5]60,[1]61,[7]60
[4]60;[6]59
[3]60;[3]62
[0]58;[8]62,[2]63
[5]59;[0]60,[6]60
[2]61;[4]62,[9]59,[8]63
[7]59;[1]62
[1]60;[5]61,[8]63
[9]57;[5]61,[3]62,[2]63
[6]59;[9]60,[6]61,[3]64
[8]61;
[0]59;[2]66,[1]65,[9]62,[7]64
[4]61;[6]60
[3]61;[3]65
[5]60;[3]63,[4]63
[2]62;[5]62,[0]61,[2]64,[3]64
[1]61;[6]62
[7]60;[5]64
[9]58;[9]59,[1]62,[7]61,[3]63
[8]62;[7]61,[5]62,[9]60,[1]63
[4]62;[4]63,[7]62
[5]61;[8]64
[0]60;[0]61,[2]64,[7]62,[8]64
[3]62;[1]63,[4]64
[6]60;[2]65
[2]63;[6]62
[9]59;[5]63,[0]62
[1]62;[6]61
[8]63;[9]61,[0]63
[7]61;[1]64
[3]63;[5]63,[8]65
[4]63;[8]66,[3]66
[5]62;[4]64,[2]65
[0]61;[9]61,[5]64
[2]64;[4]65,[0]63,[8]66
[9]60;[8]65,[0]62,[7]63,[3]65,[4]65
[6]61;[7]63
[1]63;[2]66
[7]62;[0]64
[8]64;[1]64
[3]64;[1]65,[7]64
[4]64;[3]66,[4]66
[5]63;[1]66,[4]67
[6]62;[9]62
[8]65;[6]63,[4]66,[2]67,[5]65,[1]66,[7]65
[0]62;[8]67
[1]64;[1]67
[2]65;
[9]61;[1]67
[7]63;[6]64,[9]63,[2]68
[3]65;[5]65,[8]67,[0]64,[3]67
[5]64;[6]63
[4]65;
[2]66;[8]70,[2]70,[5]68,[9]66
[0]63;
[1]65;[2]67,[7]65,[6]64
[8]66;[8]68,[5]66,[6]65
[9]62;[0]66,[7]68
[7]64;
[6]63;[4]67,[2]68
[3]66;[3]67
[4]66;[5]66,[6]65,[0]65
[2]67;[4]71,[8]73
[5]65;[7]66,[3]68
[1]66;[9]63,[8]68,[7]66
[7]65;[1]70
[8]67;[7]67,[5]67
[0]64;[6]66
[6]64;[9]66,[8]71,[7]69
[4]67;[9]64,[0]65,[4]68
[3]67;[4]68
[9]63;[9]64,[3]68
[1]67;[8]69,[2]69
[2]68;[9]65,[1]68
[8]68;[3]69,[9]65
[5]66;[8]69,[2]69
[7]66;[7]67,[5]67,[6]66,[3]69,[0]66
[9]64;[1]68,[4]69,[8]70,[6]67
[6]65;[5]70,[1]71
[0]65;[4]69,[7]68,[6]67
[3]68;[5]68,[1]69,[2]71
[8]69;[2]71
[4]68;[4]70
[2]69;[1]72
[7]67;[2]70
[5]67;
[6]66;
[3]69;[0]69,[4]72,[7]71,[1]72
[9]65;[3]70
[1]68;[3]71,[0]69
[0]66;[5]69,[7]69
[4]69;[6]68
[8]70;[1]69,[3]70
[7]68;[3]71
[2]70;[5]69,[8]71,[0]67,[6]68,[1]70
[5]68;[4]70,[0]68
[6]67;[3]73,[2]74
[9]66;[8]72
[1]69;[0]68,[8]72,[2]72,[7]70,[6]69
[2]71;[9]67,[5]70
[3]70;[2]73
[5]69;[6]70,[4]72
[8]71;[1]71,[8]73
[0]67;[4]73,[3]73,[9]70
[4]70;[9]67,[2]72,[6]69,[4]71
[6]68;[7]70
[7]69;[9]68,[3]72,[7]71
[1]70;[0]72
[0]68;[5]71,[6]70,[3]72,[0]70,[8]74
[9]67;[9]68
[8]72;[1]75,[9]73,[8]78
[2]72;[0]71,[9]70
[5]70;[5]71,[9]69
[7]70;[8]75
[6]69;[3]76
[4]71;[8]77
[3]71;[2]73,[9]69,[8]74
[1]71;[6]71,[0]71,[1]73
[0]69;[0]70
[9]68;[5]72,[4]73,[7]72
[8]73;[2]75,[5]74,[3]75
[5]71;[5]72,[6]71,[1]73
[6]70;[7]72,[2]74,[8]75
[4]72;[9]71,[8]76
[3]72;[5]73
[2]73;[4]74
[7]71;[8]76
[1]72;[8]77
[0]70;[5]73,[3]74,[7]73
[9]69;[3]74,[4]74
[8]74;[6]73,[4]76
[5]72;[7]73,[6]72,[9]71,[5]74,[4]75
[6]71;[2]75,[4]75
[4]73;[6]72
[3]73;
[7]72;[0]72
[2]74;[2]76
[0]71;[1]74,[2]76
[1]73;[9]72
[9]70;
[8]75;[6]74
[5]73;[1]74,[3]75,[5]75
[3]74;
[4]74;[7]74,[0]73
[7]73;[9]72,[6]73,[1]75
[6]72;[0]73,[9]73
[2]75;[7]74
[9]71;[2]77,[4]77
[0]72;[3]76
[8]76;[5]75
[5]74;[4]76
[1]74;[5]76,[9]74,[2]78
[3]75;[6]74,[3]77,[0]74
[4]75;[7]75
[9]72;[2]77,[8]78,[3]77
[2]76;[0]77,[1]80
[6]73;[6]75,[7]76
[7]74;[1]76,[4]77
[8]77;[0]74
[0]73;[7]75
[5]75;[7]76
[1]75;[1]76,[5]76
[3]76;[1]78
[4]76;[4]78,[0]75
[2]77;[2]79,[7]77,[0]76
[9]73;[6]75,[9]74,[2]78,[3]78,[8]79,[1]77
[8]78;[5]77,[2]79
[7]75;[4]78,[0]75
[6]74;[8]80,[7]77
[3]77;[9]75,[0]76
[0]74;
[1]76;[3]78,[4]79
[4]77;[3]79,[9]76
[5]76;[8]79,[5]77,[1]77,[6]76,[4]79
[6]75;[5]78,[9]75
[9]74;[6]76
[2]78;[1]78,[4]80
[4]78;[2]80,[4]80
[3]78;[3]79,[1]79,[5]79
[8]79;[6]77,[1]79
[5]77;[5]78,[8]80,[2]80,[6]77
[0]75;[8]81
[1]77;
[7]76;[8]82
[2]79;[8]83,[2]82,[7]81
[6]76;
[4]79;[8]81,[6]78,[2]81,[7]79
[5]78;[5]79,[7]78,[9]76,[6]78,[2]81,[0]77
[9]75;[1]80
[1]78;[7]78
[8]80;[5]82,[3]82
[7]77;[8]83,[6]80
[0]76;[1]82,[8]84,[3]82
[2]80;[9]77
[6]77;[6]79,[0]78
[3]79;[9]77,[3]80,[7]80
[4]80;[4]81,[0]78
[1]79;[7]79,[5]80
[5]79;[8]82,[7]80,[5]81
[7]78;[5]80,[3]80
[9]76;[5]81,[1]81
[8]81;[6]79,[4]81
[6]78;[1]81,[9]78
[2]81;[3]81
[0]77;[1]82
[7]79;[0]79,[6]81,[7]82
[9]77;[3]81,[2]82,[9]78,[4]82
[5]80;[7]81
[8]82;[6]80,[0]79
[1]80;
[3]80;[2]83
[6]79;[4]82,[6]81
[4]81;[4]83,[5]82,[7]82
[7]80;[8]84,[4]84
[0]78;
[5]81;[7]83,[8]85,[5]84
[8]83;[2]83,[9]79
[3]81;[9]79
[2]82;[4]84,[1]83
[1]81;[6]82
[6]80;[2]84,[0]80,[9]80,[7]83
[9]78;[9]80,[3]83,[2]85
[4]82;[4]83
[7]81;[4]85,[8]85,[1]84,[5]84
[0]79;[2]84
[1]82;[4]85,[2]85,[9]81
[2]83;[5]83,[3]83,[1]84
[6]81;[0]80
[4]83;[5]83
[8]84;[6]82
[9]79;[1]83
[5]82;
[7]82;[0]82,[5]86
[3]82;
[2]84;[6]83,[0]81,[8]86,[2]86,[9]82
[4]84;[9]83,[4]87,[2]87,[6]85,[1]86
[0]80;[9]81,[4]86
[1]83;[6]83
[5]83;[7]84,[3]84,[6]84
[6]82;[1]85
[9]80;[8]87,[3]85,[6]85
[7]83;[0]81,[7]84,[5]85,[3]84
[4]85;[4]86,[8]86,[5]85,[2]86,[9]82,[1]85
[3]83;[7]85,[0]83
[2]85;[1]87
[8]85;
[1]84;[3]85
[5]84;
[9]81;[7]85
[6]83;[6]84,[8]87,[5]86,[9]83
[0]81;[0]82
[7]84;[4]87,[1]86
[4]86;[0]83,[7]86
[8]86;[0]84,[9]84,[3]86
[5]85;[2]87
[3]84;[9]84,[3]86,[8]88,[5]87
[2]86;[2]88,[4]88,[6]86,[3]87
[9]82;
[0]82;[7]87,[3]87,[9]85,[4]89
[1]85;[2]88
[6]84;[7]87
[8]87;[8]88,[1]87
[3]85;[0]84,[4]88
[5]86;[2]89,[7]88,[3]88
[7]85;[7]86,[6]86
[9]83;[0]85,[5]88,[6]87,[7]88
[4]87;[9]85,[8]89
[2]87;
[0]83;[5]87
[6]85;[5]89,[9]86,[8]90,[1]88
[1]86;[4]90
[7]86;[3]88,[5]89,[6]88,[1]88
[0]84;[4]89,[6]87
[9]84;[5]88
[3]86;
[8]88;[0]86,[9]87,[5]90,[1]89
[5]87;[8]89
[2]88;[2]89,[0]85
[4]88;[0]87,[8]91
[6]86;
[1]87;[6]89
[7]87;[8]90,[3]89
[3]87;
[9]85;[9]86,[6]88
[2]89;[0]86
[0]85;[9]88,[7]90
[5]88;[6]90,[8]92
[4]89;[8]91,[4]91,[3]90
[8]89;[4]90,[3]89,[9]87,[2]90,[0]87
[6]87;
[7]88;[9]89,[0]89,[4]93
[3]88;[2]90,[1]89,[7]89
[5]89;[5]90
[9]86;[7]89,[4]91
[8]90;[6]89,[1]90
[6]88;[0]88,[8]92,[5]92
[1]88;[9]89,[5]93
[0]86;[3]91,[2]92,[5]92,[1]91,[0]89
[4]90;[3]90,[5]91
[3]89;[9]88,[4]92,[3]91
[9]87;[2]91,[0]88
[2]90;[5]91
[5]90;[2]91,[1]90,[7]90
[1]89;[3]92,[8]93,[9]90,[1]92,[0]90
[6]89;[6]90
[7]89;[8]93,[9]90
[0]87;[4]92,[7]91
[8]91;
[4]91;[7]92,[6]92,[3]94
[3]90;[3]92
[2]91;[2]92,[4]93
[5]91;[6]91,[2]93
[1]90;[5]93,[4]94
[9]88;[8]94
[7]90;[8]95
[6]90;[1]91
[0]88;[7]91
[4]92;[1]92,[4]94,[8]94
[3]91;[6]91,[2]93,[3]93
[2]92;[9]91,[0]91,[4]95,[6]92
[8]92;[6]93
[5]92;[1]93,[4]95
[9]89;[0]90,[3]93
[1]91;[5]96,[7]94,[2]96,[4]98,[3]97
[0]89;[0]92,[3]95
[7]91;[9]91
[4]93;
[3]92;[2]94,[3]94
[5]93;[7]92,[0]91,[8]95
[8]93;[2]94,[5]94
[9]90;[9]92
[6]91;[1]93,[5]94
[1]92;
[0]90;
[2]93;[0]92,[4]96,[6]93,[7]93,[5]95
[4]94;[7]93
[8]94;
[3]93;[6]94,[9]93,[4]98
[9]91;[1]94
[1]93;[4]96,[2]95
[2]94;[6]94
[7]92;[9]92
[0]91;[1]94,[5]95
[4]95;
[5]94;[3]96,[5]96,[1]96
[6]92;[3]95,[1]95
[3]94;[4]97
[8]95;[2]95
[0]92;[6]95,[1]97,[2]97,[8]98,[7]96
[1]94;[0]93,[1]95,[8]96
[9]92;[0]93,[4]97
[4]96;[3]96,[7]94,[9]93,[8]96,[0]94
[3]95;[0]94,[2]96,[1]96
[6]93;[6]95
[7]93;
[5]95;[9]94
[2]95;[1]97,[8]98
[0]93;[0]95,[3]98
[1]95;
[4]97;[4]99,[3]98,[0]96
[6]94;[3]97,[0]95,[8]97
[3]96;[5]97,[9]95,[7]96
[5]96;[8]97,[7]95
[7]94;[7]95,[9]94,[2]97,[4]99
[9]93;[5]97,[0]96
[8]96;[1]98
[0]94;[9]96
[2]96;[6]96,[3]99
[1]96;
[4]98;[4]100,[8]99,[3]99,[9]96,[7]97,[1]99
[3]97;[9]95
[0]95;[5]98
[8]97;[1]98,[4]100
[7]95;[6]97,[1]99,[2]99,[7]98
[9]94;[0]99
[6]95;[6]96,[2]98,[5]98,[8]99
[1]97;[7]97
[2]97;[3]100,[1]100,[2]100
[5]97;[2]98
[4]99;[6]99
[3]98;[6]100
[0]96;[2]99,[8]100
[8]98;
[9]95;[6]97
[7]96;[8]100,[5]99,[3]100,[0]97
[6]96;
[1]98;[5]99,[7]98
[4]100;[6]98
[2]98;[2]100,[5]100,[7]99
[5]98;[9]97,[0]97
[8]99;[0]98,[6]99
[3]99;[0]99,[9]99
[9]96;[9]97,[5]100
[7]97;[9]99
[6]97;[1]100,[9]98
[1]99;[9]98
[2]99;
[8]100;
[5]99;[6]98,[7]99
[9]97;[0]98
[7]98;[7]100
[3]100;[7]100
[1]100;[0]100
[0]97;[6]100
[2]100;
[6]98;
[5]100;
[9]98;
[7]99;
[0]98;[0]100,[9]100
[7]100;[9]100
[6]99;
[0]99;
[9]99;
[0]100;
[9]100;
[6]100;
