Genesis;[5]1,[0]1,[9]1,[6]1,[8]1,[7]1,[1]1,[4]1,[3]1,[2]1
[5]1;[5]2,[0]2,[6]2,[3]2,[1]2,[2]2,[4]2,[7]2,[9]2,[8]2
[0]1;[5]2,[0]2,[6]2,[3]2,[1]2,[2]2,[4]2,[7]2,[9]2,[8]2
[9]1;[0]3,[5]4,[1]3,[7]3
[6]1;[0]3,[5]4,[1]3,[7]3
[8]1;[6]4,[0]4,[2]4,[8]4,[7]4
[7]1;[6]4,[0]4,[2]4,[8]4,[7]4
[1]1;[0]5,[2]5,[8]5
[4]1;[0]5,[2]5,[8]5
[3]1;[9]5,[4]6
[2]1;[9]5,[4]6
[5]2;[5]3,[3]3,[6]3
[0]2;[3]3,[6]3
[6]2;[2]7,[7]6,[8]6,[1]6,[9]7
[3]2;[2]7
[1]2;[3]7,[9]8,[0]8,[7]8
[2]2;[7]7,[5]7,[8]7,[1]7,[3]7,[9]8,[0]8
[4]2;[9]9,[4]9,[8]8,[2]10
[7]2;[9]9,[4]9,[8]8,[2]10,[3]9
[5]3;[2]3,[8]3,[4]3,[9]3
[9]2;[9]10,[4]10,[1]9
[8]2;[4]10,[1]9
[3]3;[9]3
[0]3;[4]8,[7]8
[6]3;[4]11,[9]11,[3]10,[8]10,[2]12
[2]3;[3]4,[4]4
[8]3;[4]4,[5]5,[1]4
[4]3;[3]12,[9]14,[5]14
[5]4;[8]7
[1]3;[6]12
[7]3;
[3]4;[6]5,[4]5,[9]4,[5]5,[1]4,[3]5
[6]4;[3]9
[9]3;[2]13,[4]12,[3]12,[8]11
[0]4;[9]7
[2]4;
[8]4;
[4]4;[3]5,[6]6
[7]4;
[6]5;[6]6,[7]5,[2]6,[1]5,[3]6
[4]5;[7]5,[2]6,[1]5,[3]6,[6]7
[9]4;[0]6,[5]6
[0]5;[0]7,[7]7,[4]8
[5]5;
[1]4;[4]13
[2]5;[5]7,[1]7
[8]5;
[3]5;
[6]6;[9]6,[6]7,[0]6,[5]6
[7]5;
[9]5;[7]6,[8]6,[1]6,[0]7
[2]6;
[4]6;[6]12,[1]10
[1]5;
[9]6;[4]7,[6]8,[2]8
[3]6;
[6]7;[6]8,[2]8
[0]6;
[5]6;
[2]7;[4]11
[4]7;[6]9,[2]9,[5]8,[1]8
[7]6;
[8]6;[0]13
[1]6;
[6]8;[6]9,[2]9,[5]8,[1]8
[9]7;
[0]7;
[2]8;
[7]7;[2]12,[3]11
[5]7;[9]11,[1]10
[4]8;
[8]7;
[1]7;[8]11
[3]7;[9]10
[9]8;
[6]9;[0]9,[3]8,[7]9
[0]8;
[7]8;
[2]9;
[0]9;[5]9,[6]10
[5]8;
[3]8;[8]9
[1]8;
[9]9;[8]10
[4]9;[9]13
[7]9;[8]9
[8]8;
[5]9;[2]11,[0]10,[6]11,[5]10
[2]10;
[6]10;
[3]9;
[2]11;[0]11,[5]11,[7]10
[9]10;[4]13,[5]14,[6]14
[0]10;[0]11,[5]11,[7]10
[4]10;[3]10
[6]11;
[5]10;
[8]9;
[1]9;[3]11,[9]13
[4]11;[2]13,[0]13
[9]11;
[3]10;
[0]11;[0]12,[9]12,[5]12
[5]11;
[6]12;
[7]10;
[8]10;
[1]10;
[0]12;[1]11,[7]11,[5]13
[2]12;[4]12
[9]12;[7]11,[5]13,[6]13
[5]12;
[1]11;[6]13,[1]12,[2]14,[7]12
[3]11;
[2]13;[9]14
[9]13;
[4]12;[4]14
[7]11;[2]14,[7]12
[5]13;
[6]13;[1]13,[3]13,[0]14
[1]12;
[3]12;[6]14,[4]14
[0]13;
[8]11;
[9]14;
[1]13;[1]14,[3]14,[7]13
[4]13;
[5]14;
[2]14;
[3]13;[7]13
[0]14;
[7]12;
[1]14;
[6]14;
[3]14;
[4]14;
[7]13;
