0.5;-[0]46;-577
0.5;-[0]32;-594
0.5;-[0]27;-604
0.5;-[0]22;-671
0.5;-[0]33;-656
0.5;-[0]33;-616
0.5;-[0]11;-687
0.5;-[0]45;-460
0.5;-[0]30;-582
0.5;-[0]9;-653
0.5;-[0]38;-601
0.5;-[0]34;-617
0.5;-[0]22;-627
0.5;-[0]22;-621
0.5;-[0]32;-598
0.5;-[0]28;-612
0.5;-[0]23;-646
0.5;-[0]40;-572
0.5;-[0]28;-598
0.5;-[0]28;-650
0.5;-[0]38;-585
0.5;-[0]26;-664
0.5;-[0]44;-543
0.5;-[0]17;-694
0.5;-[0]30;-563
0.5;-[0]19;-605
0.5;-[0]30;-585
0.5;-[0]30;-608
0.5;-[0]22;-611
0.5;-[0]25;-652
0.5;-[0]27;-657
0.5;-[0]33;-617
0.5;-[0]34;-610
0.5;-[0]27;-680
0.5;-[0]33;-628
0.5;-[0]28;-643
0.5;-[0]27;-583
0.5;-[0]26;-660
0.5;-[0]35;-622
0.5;-[0]35;-541
0.5;-[0]25;-673
0.5;-[0]26;-650
0.5;-[0]37;-611
0.5;-[0]21;-602
0.5;-[0]27;-651
0.5;-[0]24;-586
0.5;-[0]26;-587
0.5;-[0]36;-581
0.5;-[0]35;-582
0.5;-[0]36;-614
0.5;-[0]46;-569
0.5;-[0]33;-587
0.5;-[0]32;-657
0.5;-[0]27;-670
0.5;-[0]35;-552
0.5;-[0]34;-599
0.5;-[0]20;-635
0.5;-[0]35;-548
0.5;-[0]27;-628
0.5;-[0]27;-593
0.5;-[0]38;-604
0.5;-[0]38;-575
0.5;-[0]25;-651
0.5;-[0]29;-634
0.5;-[0]30;-629
0.5;-[0]24;-614
0.5;-[0]28;-588
0.5;-[0]27;-667
0.5;-[0]38;-616
0.5;-[0]29;-613
0.5;-[0]25;-600
0.5;-[0]13;-696
0.5;-[0]27;-652
0.5;-[0]28;-616
0.5;-[0]27;-655
0.5;-[0]17;-646
0.5;-[0]31;-596
0.5;-[0]35;-576
0.5;-[0]32;-586
0.5;-[0]31;-629
0.5;-[0]25;-618
0.5;-[0]45;-549
0.5;-[0]15;-643
0.5;-[0]19;-640
0.5;-[0]23;-640
0.5;-[0]23;-626
0.5;-[0]30;-577
0.5;-[0]23;-602
0.5;-[0]33;-606
0.5;-[0]34;-595
0.5;-[0]20;-690
0.5;-[0]33;-553
0.5;-[0]31;-636
0.5;-[0]38;-613
0.5;-[0]38;-601
0.5;-[0]29;-639
0.5;-[0]29;-630
0.5;-[0]39;-656
0.5;-[0]32;-591
0.5;-[0]32;-671
0.1;-[0]46;-325
0.1;-[0]32;-396
0.1;-[0]27;-411
0.1;-[0]22;-511
0.1;-[0]33;-456
0.1;-[0]33;-372
0.1;-[0]11;-611
0.1;-[0]45;-166
0.1;-[0]30;-322
0.1;-[0]9;-553
0.1;-[0]38;-395
0.1;-[0]34;-359
0.1;-[0]22;-435
0.1;-[0]22;-373
0.1;-[0]32;-356
0.1;-[0]28;-390
0.1;-[0]23;-441
0.1;-[0]40;-300
0.1;-[0]28;-349
0.1;-[0]28;-463
0.1;-[0]38;-341
0.1;-[0]26;-469
0.1;-[0]44;-291
0.1;-[0]17;-619
0.1;-[0]30;-319
0.1;-[0]19;-378
0.1;-[0]30;-330
0.1;-[0]30;-390
0.1;-[0]22;-396
0.1;-[0]25;-497
0.1;-[0]27;-509
0.1;-[0]33;-385
0.1;-[0]34;-418
0.1;-[0]27;-486
0.1;-[0]33;-404
0.1;-[0]28;-415
0.1;-[0]27;-344
0.1;-[0]26;-484
0.1;-[0]35;-403
0.1;-[0]35;-265
0.1;-[0]25;-497
0.1;-[0]26;-477
0.1;-[0]37;-399
0.1;-[0]21;-378
0.1;-[0]27;-455
0.1;-[0]24;-345
0.1;-[0]26;-320
0.1;-[0]36;-328
0.1;-[0]35;-342
0.1;-[0]36;-356
0.1;-[0]46;-285
0.1;-[0]33;-318
0.1;-[0]32;-452
0.1;-[0]27;-484
0.1;-[0]35;-298
0.1;-[0]34;-371
0.1;-[0]20;-458
0.1;-[0]35;-277
0.1;-[0]27;-422
0.1;-[0]27;-345
0.1;-[0]38;-382
0.1;-[0]38;-304
0.1;-[0]25;-446
0.1;-[0]29;-409
0.1;-[0]30;-379
0.1;-[0]24;-378
0.1;-[0]28;-383
0.1;-[0]27;-506
0.1;-[0]38;-380
0.1;-[0]29;-402
0.1;-[0]25;-369
0.1;-[0]13;-606
0.1;-[0]27;-435
0.1;-[0]28;-427
0.1;-[0]27;-447
0.1;-[0]17;-464
0.1;-[0]31;-360
0.1;-[0]35;-299
0.1;-[0]32;-315
0.1;-[0]31;-399
0.1;-[0]25;-434
0.1;-[0]45;-277
0.1;-[0]15;-463
0.1;-[0]19;-516
0.1;-[0]23;-420
0.1;-[0]23;-442
0.1;-[0]30;-337
0.1;-[0]23;-416
0.1;-[0]33;-381
0.1;-[0]34;-392
0.1;-[0]20;-554
0.1;-[0]33;-288
0.1;-[0]31;-423
0.1;-[0]38;-366
0.1;-[0]38;-365
0.1;-[0]29;-402
0.1;-[0]29;-399
0.1;-[0]39;-454
0.1;-[0]32;-345
0.1;-[0]32;-489
0.09;-[0]46;-290
0.09;-[0]32;-369
0.09;-[0]27;-384
0.09;-[0]22;-489
0.09;-[0]33;-428
0.09;-[0]33;-338
0.09;-[0]11;-600
0.09;-[0]45;-125
0.09;-[0]30;-286
0.09;-[0]9;-539
0.09;-[0]38;-366
0.09;-[0]34;-323
0.09;-[0]22;-408
0.09;-[0]22;-338
0.09;-[0]32;-322
0.09;-[0]28;-359
0.09;-[0]23;-412
0.09;-[0]40;-262
0.09;-[0]28;-314
0.09;-[0]28;-437
0.09;-[0]38;-307
0.09;-[0]26;-442
0.09;-[0]44;-256
0.09;-[0]17;-609
0.09;-[0]30;-285
0.09;-[0]19;-347
0.09;-[0]30;-295
0.09;-[0]30;-359
0.09;-[0]22;-366
0.09;-[0]25;-476
0.09;-[0]27;-488
0.09;-[0]33;-353
0.09;-[0]34;-391
0.09;-[0]27;-459
0.09;-[0]33;-373
0.09;-[0]28;-384
0.09;-[0]27;-311
0.09;-[0]26;-459
0.09;-[0]35;-373
0.09;-[0]35;-227
0.09;-[0]25;-473
0.09;-[0]26;-453
0.09;-[0]37;-369
0.09;-[0]21;-346
0.09;-[0]27;-427
0.09;-[0]24;-312
0.09;-[0]26;-283
0.09;-[0]36;-293
0.09;-[0]35;-309
0.09;-[0]36;-320
0.09;-[0]46;-246
0.09;-[0]33;-281
0.09;-[0]32;-424
0.09;-[0]27;-458
0.09;-[0]35;-263
0.09;-[0]34;-339
0.09;-[0]20;-433
0.09;-[0]35;-239
0.09;-[0]27;-394
0.09;-[0]27;-311
0.09;-[0]38;-352
0.09;-[0]38;-267
0.09;-[0]25;-417
0.09;-[0]29;-377
0.09;-[0]30;-345
0.09;-[0]24;-346
0.09;-[0]28;-355
0.09;-[0]27;-484
0.09;-[0]38;-347
0.09;-[0]29;-372
0.09;-[0]25;-337
0.09;-[0]13;-593
0.09;-[0]27;-405
0.09;-[0]28;-400
0.09;-[0]27;-418
0.09;-[0]17;-439
0.09;-[0]31;-327
0.09;-[0]35;-261
0.09;-[0]32;-277
0.09;-[0]31;-367
0.09;-[0]25;-408
0.09;-[0]45;-239
0.09;-[0]15;-439
0.09;-[0]19;-499
0.09;-[0]23;-390
0.09;-[0]23;-416
0.09;-[0]30;-304
0.09;-[0]23;-390
0.09;-[0]33;-350
0.09;-[0]34;-364
0.09;-[0]20;-536
0.09;-[0]33;-251
0.09;-[0]31;-393
0.09;-[0]38;-332
0.09;-[0]38;-332
0.09;-[0]29;-370
0.09;-[0]29;-367
0.09;-[0]39;-426
0.09;-[0]32;-311
0.09;-[0]32;-464
0.08;-[0]46;-246
0.08;-[0]32;-335
0.08;-[0]27;-351
0.08;-[0]22;-462
0.08;-[0]33;-295
0.08;-[0]11;-587
0.08;-[0]45;-74
0.08;-[0]30;-241
0.08;-[0]9;-521
0.08;-[0]38;-330
0.08;-[0]34;-278
0.08;-[0]22;-374
0.08;-[0]22;-295
0.08;-[0]32;-280
0.08;-[0]28;-320
0.08;-[0]23;-377
0.08;-[0]40;-215
0.08;-[0]28;-271
0.08;-[0]28;-404
0.08;-[0]38;-265
0.08;-[0]26;-408
0.08;-[0]44;-213
0.08;-[0]17;-596
0.08;-[0]30;-243
0.08;-[0]19;-308
0.08;-[0]30;-251
0.08;-[0]30;-321
0.08;-[0]22;-329
0.08;-[0]25;-449
0.08;-[0]27;-463
0.08;-[0]33;-313
0.08;-[0]34;-358
0.08;-[0]27;-426
0.08;-[0]33;-334
0.08;-[0]28;-344
0.08;-[0]27;-270
0.08;-[0]26;-429
0.08;-[0]35;-335
0.08;-[0]35;-179
0.08;-[0]25;-442
0.08;-[0]26;-423
0.08;-[0]37;-333
0.08;-[0]21;-307
0.08;-[0]27;-393
0.08;-[0]24;-270
0.08;-[0]26;-236
0.08;-[0]36;-249
0.08;-[0]35;-267
0.08;-[0]36;-275
0.08;-[0]46;-197
0.08;-[0]33;-234
0.08;-[0]32;-388
0.08;-[0]27;-426
0.08;-[0]35;-218
0.08;-[0]34;-299
0.08;-[0]20;-402
0.08;-[0]35;-192
0.08;-[0]27;-358
0.08;-[0]27;-268
0.08;-[0]38;-313
0.08;-[0]38;-220
0.08;-[0]25;-381
0.08;-[0]29;-338
0.08;-[0]30;-301
0.08;-[0]24;-305
0.08;-[0]28;-319
0.08;-[0]27;-456
0.08;-[0]38;-306
0.08;-[0]29;-336
0.08;-[0]25;-297
0.08;-[0]13;-578
0.08;-[0]27;-367
0.08;-[0]28;-367
0.08;-[0]27;-382
0.08;-[0]17;-408
0.08;-[0]31;-286
0.08;-[0]35;-213
0.08;-[0]32;-230
0.08;-[0]31;-327
0.08;-[0]25;-376
0.08;-[0]45;-192
0.08;-[0]15;-407
0.08;-[0]19;-478
0.08;-[0]23;-352
0.08;-[0]23;-384
0.08;-[0]30;-262
0.08;-[0]23;-358
0.08;-[0]33;-311
0.08;-[0]34;-328
0.08;-[0]20;-512
0.08;-[0]33;-205
0.08;-[0]31;-356
0.08;-[0]38;-289
0.08;-[0]38;-291
0.08;-[0]29;-328
0.08;-[0]29;-327
0.08;-[0]39;-391
0.08;-[0]32;-268
0.08;-[0]32;-432
0.07;-[0]46;-190
0.07;-[0]32;-290
0.07;-[0]27;-308
0.07;-[0]22;-426
0.07;-[0]33;-349
0.07;-[0]33;-241
0.07;-[0]11;-570
0.07;-[0]45;-8
0.07;-[0]30;-183
0.07;-[0]9;-499
0.07;-[0]38;-284
0.07;-[0]34;-220
0.07;-[0]22;-331
0.07;-[0]22;-240
0.07;-[0]32;-226
0.07;-[0]28;-271
0.07;-[0]23;-331
0.07;-[0]40;-155
0.07;-[0]28;-215
0.07;-[0]28;-363
0.07;-[0]38;-210
0.07;-[0]26;-364
0.07;-[0]44;-157
0.07;-[0]17;-579
0.07;-[0]30;-189
0.07;-[0]19;-257
0.07;-[0]30;-194
0.07;-[0]30;-273
0.07;-[0]22;-281
0.07;-[0]25;-415
0.07;-[0]27;-430
0.07;-[0]33;-261
0.07;-[0]34;-315
0.07;-[0]27;-382
0.07;-[0]33;-284
0.07;-[0]28;-293
0.07;-[0]27;-217
0.07;-[0]26;-390
0.07;-[0]35;-286
0.07;-[0]35;-117
0.07;-[0]25;-403
0.07;-[0]26;-385
0.07;-[0]37;-285
0.07;-[0]21;-257
0.07;-[0]27;-350
0.07;-[0]24;-216
0.07;-[0]26;-177
0.07;-[0]36;-193
0.07;-[0]35;-214
0.07;-[0]36;-217
0.07;-[0]46;-133
0.07;-[0]33;-174
0.07;-[0]32;-343
0.07;-[0]27;-384
0.07;-[0]35;-162
0.07;-[0]34;-248
0.07;-[0]20;-363
0.07;-[0]35;-132
0.07;-[0]27;-312
0.07;-[0]27;-213
0.07;-[0]38;-264
0.07;-[0]38;-160
0.07;-[0]25;-335
0.07;-[0]29;-288
0.07;-[0]30;-246
0.07;-[0]24;-252
0.07;-[0]28;-273
0.07;-[0]27;-420
0.07;-[0]38;-253
0.07;-[0]29;-289
0.07;-[0]25;-246
0.07;-[0]13;-558
0.07;-[0]27;-318
0.07;-[0]28;-325
0.07;-[0]27;-335
0.07;-[0]17;-367
0.07;-[0]31;-234
0.07;-[0]35;-151
0.07;-[0]32;-170
0.07;-[0]31;-276
0.07;-[0]25;-335
0.07;-[0]45;-132
0.07;-[0]15;-367
0.07;-[0]19;-450
0.07;-[0]23;-302
0.07;-[0]23;-343
0.07;-[0]30;-209
0.07;-[0]23;-317
0.07;-[0]33;-260
0.07;-[0]34;-283
0.07;-[0]20;-482
0.07;-[0]33;-146
0.07;-[0]31;-308
0.07;-[0]38;-234
0.07;-[0]38;-239
0.07;-[0]29;-276
0.07;-[0]29;-276
0.07;-[0]39;-346
0.07;-[0]32;-213
0.07;-[0]32;-392
0.06;-[0]46;-115
0.06;-[0]32;-232
0.06;-[0]27;-250
0.06;-[0]22;-379
0.06;-[0]33;-289
0.06;-[0]33;-168
0.06;-[0]11;-547
0.06;-[0]45;79
0.06;-[0]30;-105
0.06;-[0]9;-469
0.06;-[0]38;-223
0.06;-[0]34;-144
0.06;-[0]22;-274
0.06;-[0]22;-166
0.06;-[0]32;-154
0.06;-[0]28;-204
0.06;-[0]23;-270
0.06;-[0]40;-74
0.06;-[0]28;-141
0.06;-[0]28;-307
0.06;-[0]38;-138
0.06;-[0]26;-306
0.06;-[0]44;-82
0.06;-[0]17;-557
0.06;-[0]30;-116
0.06;-[0]19;-190
0.06;-[0]30;-118
0.06;-[0]30;-208
0.06;-[0]22;-217
0.06;-[0]25;-369
0.06;-[0]27;-386
0.06;-[0]33;-192
0.06;-[0]34;-258
0.06;-[0]27;-325
0.06;-[0]33;-217
0.06;-[0]28;-225
0.06;-[0]27;-146
0.06;-[0]26;-337
0.06;-[0]35;-221
0.06;-[0]35;-35
0.06;-[0]25;-350
0.06;-[0]26;-333
0.06;-[0]37;-222
0.06;-[0]21;-190
0.06;-[0]27;-291
0.06;-[0]24;-145
0.06;-[0]26;-97
0.06;-[0]36;-118
0.06;-[0]35;-142
0.06;-[0]36;-141
0.06;-[0]46;-49
0.06;-[0]33;-94
0.06;-[0]32;-282
0.06;-[0]27;-329
0.06;-[0]35;-86
0.06;-[0]34;-180
0.06;-[0]20;-310
0.06;-[0]35;-51
0.06;-[0]27;-251
0.06;-[0]27;-139
0.06;-[0]38;-198
0.06;-[0]38;-79
0.06;-[0]25;-274
0.06;-[0]29;-221
0.06;-[0]30;-171
0.06;-[0]24;-182
0.06;-[0]28;-212
0.06;-[0]27;-372
0.06;-[0]38;-182
0.06;-[0]29;-226
0.06;-[0]25;-177
0.06;-[0]13;-531
0.06;-[0]27;-254
0.06;-[0]28;-269
0.06;-[0]27;-273
0.06;-[0]17;-313
0.06;-[0]31;-164
0.06;-[0]35;-69
0.06;-[0]32;-89
0.06;-[0]31;-207
0.06;-[0]25;-280
0.06;-[0]45;-51
0.06;-[0]15;-314
0.06;-[0]19;-414
0.06;-[0]23;-237
0.06;-[0]23;-288
0.06;-[0]30;-137
0.06;-[0]23;-261
0.06;-[0]33;-193
0.06;-[0]34;-223
0.06;-[0]20;-442
0.06;-[0]33;-67
0.06;-[0]31;-245
0.06;-[0]38;-160
0.06;-[0]38;-168
0.06;-[0]29;-205
0.06;-[0]29;-207
0.06;-[0]39;-286
0.06;-[0]32;-140
0.06;-[0]32;-337
0.05;-[0]46;-10
0.05;-[0]32;-149
0.05;-[0]27;-170
0.05;-[0]22;-312
0.05;-[0]33;-206
0.05;-[0]33;-66
0.05;-[0]11;-516
0.05;-[0]45;202
0.05;-[0]30;3
0.05;-[0]9;-427
0.05;-[0]38;-137
0.05;-[0]34;-36
0.05;-[0]22;-194
0.05;-[0]22;-62
0.05;-[0]32;-53
0.05;-[0]28;-112
0.05;-[0]23;-184
0.05;-[0]40;39
0.05;-[0]28;-37
0.05;-[0]28;-229
0.05;-[0]38;-36
0.05;-[0]26;-225
0.05;-[0]44;23
0.05;-[0]17;-526
0.05;-[0]30;-14
0.05;-[0]19;-95
0.05;-[0]30;-12
0.05;-[0]30;-117
0.05;-[0]22;-127
0.05;-[0]25;-304
0.05;-[0]27;-324
0.05;-[0]33;-95
0.05;-[0]34;-178
0.05;-[0]27;-244
0.05;-[0]33;-124
0.05;-[0]28;-130
0.05;-[0]27;-46
0.05;-[0]26;-264
0.05;-[0]35;-130
0.05;-[0]35;80
0.05;-[0]25;-277
0.05;-[0]26;-261
0.05;-[0]37;-134
0.05;-[0]21;-97
0.05;-[0]27;-210
0.05;-[0]24;-44
0.05;-[0]26;14
0.05;-[0]36;-12
0.05;-[0]35;-42
0.05;-[0]36;-33
0.05;-[0]46;69
0.05;-[0]33;19
0.05;-[0]32;-196
0.05;-[0]27;-252
0.05;-[0]35;20
0.05;-[0]34;-85
0.05;-[0]20;-236
0.05;-[0]35;61
0.05;-[0]27;-165
0.05;-[0]27;-36
0.05;-[0]38;-105
0.05;-[0]38;34
0.05;-[0]25;-189
0.05;-[0]29;-127
0.05;-[0]30;-67
0.05;-[0]24;-84
0.05;-[0]28;-127
0.05;-[0]27;-305
0.05;-[0]38;-84
0.05;-[0]29;-138
0.05;-[0]25;-81
0.05;-[0]13;-493
0.05;-[0]27;-163
0.05;-[0]28;-190
0.05;-[0]27;-186
0.05;-[0]17;-237
0.05;-[0]31;-65
0.05;-[0]35;47
0.05;-[0]32;24
0.05;-[0]31;-111
0.05;-[0]25;-203
0.05;-[0]45;62
0.05;-[0]15;-239
0.05;-[0]19;-362
0.05;-[0]23;-145
0.05;-[0]23;-211
0.05;-[0]30;-37
0.05;-[0]23;-184
0.05;-[0]33;-100
0.05;-[0]34;-138
0.05;-[0]20;-385
0.05;-[0]33;43
0.05;-[0]31;-156
0.05;-[0]38;-58
0.05;-[0]38;-70
0.05;-[0]29;-106
0.05;-[0]29;-111
0.05;-[0]39;-202
0.05;-[0]32;-37
0.05;-[0]32;-262